   4.2699999045580626        4.2699999045580626     
   7.1799998395144939        2.9099999349564314     
   9.8399997800588608        2.6599999405443668     
   12.349999723955989        2.5099999438971281     
   14.749999670311809        2.3999999463558197     
   17.069999618455768        2.3199999481439590     
   19.319999568164349        2.2499999497085810     
   21.529999518766999        2.2099999506026506     
   23.689999470487237        2.1599999517202377     
   25.809999423101544        2.1199999526143074     
   27.899999376386404        2.0899999532848597     
   29.969999330118299        2.0699999537318945     
   32.009999284520745        2.0399999544024467     
   34.029999239370227        2.0199999548494816     
   36.029999194666743        1.9999999552965164     
   38.019999150186777        1.9899999555200338     
   39.989999106153846        1.9699999559670687     
   41.939999062567949        1.9499999564141035     
   43.889999018982053        1.9499999564141035     
   45.819998975843191        1.9299999568611383     
   47.739998932927847        1.9199999570846558     
   49.649998890236020        1.9099999573081732     
   51.559998847544193        1.9099999573081732     
   53.459998805075884        1.8999999575316906     
   55.339998763054609        1.8799999579787254     
   57.229998720809817        1.8899999577552080     
   59.099998679012060        1.8699999582022429     
   60.969998637214303        1.8699999582022429     
   62.839998595416546        1.8699999582022429     
   64.699998553842306        1.8599999584257603     
   66.559998512268066        1.8599999584257603     
   68.409998470917344        1.8499999586492777     
   70.259998429566622        1.8499999586492777     
   72.099998388439417        1.8399999588727951     
   73.939998347312212        1.8399999588727951     
   75.779998306185007        1.8399999588727951     
   77.619998265057802        1.8399999588727951     
   79.449998224154115        1.8299999590963125     
   81.279998183250427        1.8299999590963125     
   83.109998142346740        1.8299999590963125     
   84.929998101666570        1.8199999593198299     
   86.759998060762882        1.8299999590963125     
   88.579998020082712        1.8199999593198299     
   90.399997979402542        1.8199999593198299     
   92.219997938722372        1.8199999593198299     
   94.039997898042202        1.8199999593198299     
   95.849997857585549        1.8099999595433474     
   97.669997816905379        1.8199999593198299     
   99.479997776448727        1.8099999595433474     
   101.28999773599207        1.8099999595433474     
   103.09999769553542        1.8099999595433474     
   104.90999765507877        1.8099999595433474     
   106.71999761462212        1.8099999595433474     
   108.52999757416546        1.8099999595433474     
   110.32999753393233        1.7999999597668648     
   112.13999749347568        1.8099999595433474     
   113.93999745324254        1.7999999597668648     
   115.74999741278589        1.8099999595433474     
   117.54999737255275        1.7999999597668648     
   119.35999733209610        1.8099999595433474     
   121.15999729186296        1.7999999597668648     
   122.95999725162983        1.7999999597668648     
   124.75999721139669        1.7999999597668648     
   126.55999717116356        1.7999999597668648     
   128.36999713070691        1.8099999595433474     
   130.16999709047377        1.7999999597668648     
   131.96999705024064        1.7999999597668648     
   133.76999701000750        1.7999999597668648     
   135.55999696999788        1.7899999599903822     
   137.35999692976475        1.7999999597668648     
   139.15999688953161        1.7999999597668648     
   140.95999684929848        1.7999999597668648     
   142.75999680906534        1.7999999597668648     
   144.55999676883221        1.7999999597668648     
   146.34999672882259        1.7899999599903822     
   148.14999668858945        1.7999999597668648     
   149.94999664835632        1.7999999597668648     
   151.74999660812318        1.7999999597668648     
   153.53999656811357        1.7899999599903822     
   155.33999652788043        1.7999999597668648     
   157.13999648764729        1.7999999597668648     
   158.92999644763768        1.7899999599903822     
   160.72999640740454        1.7999999597668648     
   162.52999636717141        1.7999999597668648     
   164.31999632716179        1.7899999599903822     
   166.11999628692865        1.7999999597668648     
   167.90999624691904        1.7899999599903822     
   169.70999620668590        1.7999999597668648     
   171.49999616667628        1.7899999599903822     
   173.29999612644315        1.7999999597668648     
   175.08999608643353        1.7899999599903822     
   176.88999604620039        1.7999999597668648     
   178.68999600596726        1.7999999597668648     
   180.47999596595764        1.7899999599903822     
   182.27999592572451        1.7999999597668648     
   184.06999588571489        1.7899999599903822     
   185.86999584548175        1.7999999597668648     
   187.65999580547214        1.7899999599903822     
   189.45999576523900        1.7999999597668648     
   191.24999572522938        1.7899999599903822     
   193.03999568521976        1.7899999599903822     
   194.83999564498663        1.7999999597668648     
   196.62999560497701        1.7899999599903822     
   198.42999556474388        1.7999999597668648     
   200.21999552473426        1.7899999599903822     
   202.01999548450112        1.7999999597668648     
   203.80999544449151        1.7899999599903822     
   205.60999540425837        1.7999999597668648     
   207.39999536424875        1.7899999599903822     
   209.19999532401562        1.7999999597668648     
   210.98999528400600        1.7899999599903822     
   212.77999524399638        1.7899999599903822     
   214.57999520376325        1.7999999597668648     
   216.36999516375363        1.7899999599903822     
   218.16999512352049        1.7999999597668648     
   219.95999508351088        1.7899999599903822     
   221.75999504327774        1.7999999597668648     
   223.54999500326812        1.7899999599903822     
   225.33999496325850        1.7899999599903822     
   227.13999492302537        1.7999999597668648     
   228.92999488301575        1.7899999599903822     
   230.72999484278262        1.7999999597668648     
   232.51999480277300        1.7899999599903822     
   234.31999476253986        1.7999999597668648     
   236.10999472253025        1.7899999599903822     
   237.89999468252063        1.7899999599903822     
   239.69999464228749        1.7999999597668648     
   241.48999460227787        1.7899999599903822     
   243.28999456204474        1.7999999597668648     
   245.07999452203512        1.7899999599903822     
   246.87999448180199        1.7999999597668648     
   248.66999444179237        1.7899999599903822     
   250.45999440178275        1.7899999599903822     
   252.25999436154962        1.7999999597668648     
   254.04999432154000        1.7899999599903822     
   255.84999428130686        1.7999999597668648     
   257.63999424129725        1.7899999599903822     
   259.42999420128763        1.7899999599903822     
   261.22999416105449        1.7999999597668648     
   263.01999412104487        1.7899999599903822     
   264.81999408081174        1.7999999597668648     
   266.60999404080212        1.7899999599903822     
   268.39999400079250        1.7899999599903822     
   270.19999396055937        1.7999999597668648     
   271.98999392054975        1.7899999599903822     
   273.78999388031662        1.7999999597668648     
   275.57999384030700        1.7899999599903822     
   277.37999380007386        1.7999999597668648     
   279.16999376006424        1.7899999599903822     
   280.95999372005463        1.7899999599903822     
   282.75999367982149        1.7999999597668648     
   284.54999363981187        1.7899999599903822     
   286.34999359957874        1.7999999597668648     
   288.13999355956912        1.7899999599903822     
   289.92999351955950        1.7899999599903822     
   291.72999347932637        1.7999999597668648     
   293.51999343931675        1.7899999599903822     
   295.31999339908361        1.7999999597668648     
   297.10999335907400        1.7899999599903822     
   298.89999331906438        1.7899999599903822     
   300.69999327883124        1.7999999597668648     
   302.48999323882163        1.7899999599903822     
   304.28999319858849        1.7999999597668648     
   306.07999315857887        1.7899999599903822     
   307.86999311856925        1.7899999599903822     
   309.66999307833612        1.7999999597668648     
   311.45999303832650        1.7899999599903822     
   313.25999299809337        1.7999999597668648     
   315.04999295808375        1.7899999599903822     
   316.83999291807413        1.7899999599903822     
   318.63999287784100        1.7999999597668648     
   320.42999283783138        1.7899999599903822     
   322.22999279759824        1.7999999597668648     
   324.01999275758862        1.7899999599903822     
   325.81999271735549        1.7999999597668648     
   327.60999267734587        1.7899999599903822     
   329.39999263733625        1.7899999599903822     
   331.19999259710312        1.7999999597668648     
   332.98999255709350        1.7899999599903822     
   334.78999251686037        1.7999999597668648     
   336.57999247685075        1.7899999599903822     
   338.36999243684113        1.7899999599903822     
   340.16999239660800        1.7999999597668648     
   341.95999235659838        1.7899999599903822     
   343.75999231636524        1.7999999597668648     
   345.54999227635562        1.7899999599903822     
   347.33999223634601        1.7899999599903822     
   349.13999219611287        1.7999999597668648     
   350.92999215610325        1.7899999599903822     
   352.72999211587012        1.7999999597668648     
   354.51999207586050        1.7899999599903822     
   356.30999203585088        1.7899999599903822     
   358.10999199561775        1.7999999597668648     
   359.89999195560813        1.7899999599903822     
   361.69999191537499        1.7999999597668648     
   363.48999187536538        1.7899999599903822     
   365.27999183535576        1.7899999599903822     
   367.07999179512262        1.7999999597668648     
   368.86999175511301        1.7899999599903822     
   370.66999171487987        1.7999999597668648     
   372.45999167487025        1.7899999599903822     
   374.24999163486063        1.7899999599903822     
   376.04999159462750        1.7999999597668648     
   377.83999155461788        1.7899999599903822     
   379.63999151438475        1.7999999597668648     
   381.42999147437513        1.7899999599903822     
   383.22999143414199        1.7999999597668648     
   385.01999139413238        1.7899999599903822     
   386.80999135412276        1.7899999599903822     
   388.60999131388962        1.7999999597668648     
   390.39999127388000        1.7899999599903822     
   392.19999123364687        1.7999999597668648     
   393.98999119363725        1.7899999599903822     
   395.77999115362763        1.7899999599903822     
   397.57999111339450        1.7999999597668648     
   399.36999107338488        1.7899999599903822     
