   4.50000000000000        2.30000000000000     
   5.50000000000000        2.30000000000000     
   5.70000000000000        2.80000000000000     
   4.90000000000000        2.40000000000000     
   5.20000000000000        2.70000000000000     
   5.00000000000000        2.00000000000000     
   5.90000000000000        3.00000000000000     
   6.00000000000000        2.20000000000000     
   6.10000000000000        2.90000000000000     
   5.60000000000000        2.90000000000000     
   5.60000000000000        3.00000000000000     
   5.80000000000000        2.70000000000000     
   6.20000000000000        2.20000000000000     
   5.60000000000000        2.50000000000000     
   6.10000000000000        2.80000000000000     
   6.30000000000000        2.50000000000000     
   6.10000000000000        2.80000000000000     
   6.00000000000000        2.90000000000000     
   5.70000000000000        2.60000000000000     
   5.50000000000000        2.40000000000000     
   5.50000000000000        2.40000000000000     
   5.80000000000000        2.70000000000000     
   6.00000000000000        2.70000000000000     
   5.40000000000000        3.00000000000000     
   6.30000000000000        2.30000000000000     
   5.60000000000000        3.00000000000000     
   5.50000000000000        2.50000000000000     
   5.50000000000000        2.60000000000000     
   6.10000000000000        3.00000000000000     
   5.80000000000000        2.60000000000000     
   5.00000000000000        2.30000000000000     
   5.60000000000000        2.70000000000000     
   5.70000000000000        3.00000000000000     
   5.70000000000000        2.90000000000000     
   6.20000000000000        2.90000000000000     
   5.10000000000000        2.50000000000000     
   5.70000000000000        2.80000000000000     
   5.80000000000000        2.70000000000000     
   4.90000000000000        2.50000000000000     
   6.70000000000000        2.50000000000000     
   6.40000000000000        2.70000000000000     
   5.70000000000000        2.50000000000000     
   5.80000000000000        2.80000000000000     
   6.00000000000000        2.20000000000000     
   5.60000000000000        2.80000000000000     
   6.30000000000000        2.70000000000000     
   6.20000000000000        2.80000000000000     
   6.10000000000000        3.00000000000000     
   6.40000000000000        2.80000000000000     
   6.40000000000000        2.80000000000000     
   6.30000000000000        2.80000000000000     
   6.10000000000000        2.60000000000000     
   6.00000000000000        3.00000000000000     
   5.80000000000000        2.70000000000000     
   6.30000000000000        2.50000000000000     
   5.90000000000000        3.00000000000000     
