   2.0000000000000000E-003   9.8198050606196547E-004  0.98198050606196563     
  0.20200000000000015       0.20099539160568569        1.0063232357150613     
  0.40200000000000030       0.40099664408342545       0.99891861728711606     
  0.60200000000000042       0.60099745930255632       0.99462194472562282     
  0.80200000000000060       0.80099820233605190       0.99192576049465875     
   1.0020000000000007        1.0009989213375172       0.99047673315794538     
   1.2020000000000008        1.2009996023146747       0.99011813664205905     
   1.4020000000000010        1.4010002143595659       0.99071295233554801     
   1.6020000000000012        1.6010007246536611       0.99209763216334301     
   1.8020000000000014        1.8010011057240034       0.99407392671689754     
   2.0020000000000011        1.9938897546537357       0.27041706984029268     
   2.2019999999999791        1.7988595989605867      -0.86837468224523517     
   2.4019999999999571        1.5990250843432217      -0.91598442292286186     
   2.6019999999999350        1.3991083306750500      -0.98622956038157350     
   2.8019999999999130        1.1989250421187374      -0.99117209297495246     
   3.0019999999998910       0.99905267937484310      -0.97626592818074776     
   3.2019999999998690       0.79904008083739420      -0.97562334692887454     
   3.4019999999998469       0.59899945289235024       -1.0274341715742759     
   3.6019999999998249       0.39900102982499236      -0.96489450504880470     
   3.8019999999998029       0.19898989997858049       -1.0225608156522352     
   4.0019999999997813        7.7685313221380293E-003 -0.25934992600846135     
   4.2019999999997593       0.20106234153312352       0.82071556936491519     
   4.4019999999997372       0.40130697137039634       0.99281445162396020     
   4.6019999999997152       0.60115819217245725       0.95638100822180916     
   4.8019999999996932       0.80109064987519596       0.94681648316255107     
   5.0019999999996712        1.0009233195101661        1.0213811288213013     
   5.2019999999996491        1.2009365641721479       0.99519851423029704     
   5.4019999999996271        1.4009483711328636       0.98994343803043039     
   5.6019999999996051        1.6009426366235362        1.0219265318170232     
   5.8019999999995830        1.8009505589523795        1.0208406947975923     
   6.0019999999995610        1.9910508688368647       0.26102077363271886     
   6.2019999999995390        1.7996501914115610      -0.85903056247742660     
   6.4019999999995170        1.5993761264165904       -1.0666675947102688     
   6.6019999999994949        1.3989806841690373       -1.0826757989585356     
   6.8019999999994729        1.1991945821579724       -1.0011158098673103     
   7.0019999999994509       0.99908033538526420       -1.0664213761282362     
   7.2019999999994289       0.79892177001316145       -1.0116134016893716     
   7.4019999999994068       0.59897084389906385      -0.97465049503231060     
   7.6019999999993848       0.39907848904408211      -0.98736247173319158     
   7.8019999999993628       0.19905647024972239       -1.0180870189849036     
   8.0019999999993416        9.8969016111473702E-003 -0.26209005317568235     
   8.2019999999994084       0.20152258713576579        1.1455161869621713     
   8.4019999999994752       0.40140864936293863       0.98256478056051422     
   8.6019999999995420       0.60119475697148639       0.93104866178660339     
   8.8019999999996088       0.80082386649049386        1.0497196497830483     
   9.0019999999996756        1.0011093583512980       0.97758515135731550     
   9.2019999999997424        1.2010014425225226        1.0288128849230196     
   9.4019999999998092        1.4009216274689698       0.95296761780624462     
   9.6019999999998760        1.6010086435628188        1.0417222861218913     
   9.8019999999999428        1.8010763804981205        1.0216448860675804     
