   5.0000000000000004E-006   1.0825216061380623E-008   4.3300864245522487E-003
   5.0500000000000100E-004   2.1190711288623259E-004  0.81694479244361617     
   1.0050000000000022E-003   7.6890196703301183E-004   1.3465872487465769     
   1.5050000000000035E-003   1.4879457161294050E-003   1.4604654238089365     
   2.0050000000000024E-003   2.1719545600250951E-003   1.2352427290244883     
   2.5049999999999821E-003   2.7044429326784783E-003  0.89789021123051860     
   3.0049999999999617E-003   3.0915666053387943E-003  0.68642251716048042     
   3.5049999999999413E-003   3.4322076040580649E-003  0.71683685268606157     
   4.0049999999999209E-003   3.8402695225241454E-003  0.93440817469974158     
   4.5049999999999006E-003   4.3698335183899473E-003   1.1716081780937799     
   5.0049999999998802E-003   4.9877649290812716E-003   1.2681516700780264     
   5.5049999999998598E-003   5.6053118356749277E-003   1.1734425846813388     
   6.0049999999998395E-003   6.1424651713112531E-003  0.96866236893169422     
   6.5049999999998191E-003   6.5804529887290965E-003  0.80137092163246515     
   7.0049999999997987E-003   6.9691606475272613E-003  0.78207819259591438     
   7.5049999999997783E-003   7.3882366862566412E-003  0.91331252146942654     
   8.0049999999997588E-003   7.8911523068364142E-003   1.0956184823192168     
   8.5049999999997385E-003   8.4707239050057503E-003   1.2013401934278216     
   9.0049999999997181E-003   9.0678059337452929E-003   1.1626779982576430     
   9.5049999999996977E-003   9.6146472874261476E-003   1.0141446595016557     
   1.0004999999999677E-002   1.0081614423488450E-002  0.86342801554632254     
   1.0504999999999657E-002   1.0495441018973709E-002  0.81417188210275748     
   1.1004999999999637E-002   1.0918089461248339E-002  0.89541895974387475     
   1.1504999999999616E-002   1.1402566309842575E-002   1.0452961155835490     
   1.2004999999999596E-002   1.1956923719929945E-002   1.1575264438902357     
   1.2504999999999575E-002   1.2540681824864999E-002   1.1562628934057952     
   1.3004999999999555E-002   1.3094722106242006E-002   1.0469189023201546     
   1.3504999999999535E-002   1.3582772351142976E-002  0.90919799489279085     
   1.4004999999999514E-002   1.4015543689444351E-002  0.83936983133231169     
   1.4504999999999494E-002   1.4441593525727790E-002  0.88331917053019415     
   1.5004999999999474E-002   1.4912426974257391E-002   1.0066972554966014     
   1.5504999999999453E-002   1.5446788603835079E-002   1.1213967311938156     
   1.6004999999999565E-002   1.6018788952949881E-002   1.1482071675968473     
   1.6504999999999718E-002   1.6577267103741723E-002   1.0712856849804422     
   1.7004999999999871E-002   1.7082015716655449E-002  0.94713705452682606     
   1.7505000000000024E-002   1.7531311551521926E-002  0.86331144698284334     
   1.8005000000000177E-002   1.7961977107604995E-002  0.87685718938453838     
   1.8505000000000330E-002   1.8422735913285748E-002  0.97566065425346182     
   1.9005000000000483E-002   1.8940068980226651E-002   1.0887648516131059     
   1.9505000000000636E-002   1.9500431741179752E-002   1.1371763502513459     
   2.0005000000000790E-002   2.0060715493426407E-002   1.0888926321097150     
   2.0505000000000943E-002   2.0578958015762185E-002  0.97991454904476116     
   2.1005000000001096E-002   2.1043480655547373E-002  0.88754429321583783     
   2.1505000000001249E-002   2.1480269138677982E-002  0.87567182841327518     
   2.2005000000001402E-002   2.1934002911628503E-002  0.95068998069160326     
   2.2505000000001555E-002   2.2436535727887820E-002   1.0583865591029733     
   2.3005000000001708E-002   2.2985019571679040E-002   1.1230242236104107     
   2.3505000000001861E-002   2.3544658820093867E-002   1.1005078266565280     
   2.4005000000002014E-002   2.4073633368849792E-002   1.0083819309927409     
   2.4505000000002167E-002   2.4552374915641509E-002  0.91230728449311738     
   2.5005000000002321E-002   2.4996735317208592E-002  0.87934140044855036     
   2.5505000000002474E-002   2.5446217677362260E-002  0.93120839575553971     
   2.6005000000002627E-002   2.5935970918317681E-002   1.0300721598669509     
