  0.645569620253164       0.795454545454545     
  0.620253164556962       0.681818181818182     
  0.594936708860759       0.727272727272727     
  0.582278481012658       0.704545454545454     
  0.632911392405063       0.818181818181818     
  0.683544303797468       0.886363636363636     
  0.582278481012658       0.772727272727273     
  0.632911392405063       0.772727272727273     
  0.556962025316456       0.659090909090909     
  0.620253164556962       0.704545454545454     
  0.683544303797468       0.840909090909091     
  0.607594936708861       0.772727272727273     
  0.607594936708861       0.681818181818182     
  0.544303797468354       0.681818181818182     
  0.734177215189873       0.909090909090909     
  0.721518987341772        1.00000000000000     
  0.683544303797468       0.886363636363636     
  0.645569620253164       0.795454545454545     
  0.721518987341772       0.863636363636364     
  0.645569620253164       0.863636363636364     
  0.683544303797468       0.772727272727273     
  0.645569620253164       0.840909090909091     
  0.582278481012658       0.818181818181818     
  0.645569620253164       0.750000000000000     
  0.607594936708861       0.772727272727273     
  0.632911392405063       0.681818181818182     
  0.632911392405063       0.772727272727273     
  0.658227848101266       0.795454545454545     
  0.658227848101266       0.772727272727273     
  0.594936708860759       0.727272727272727     
  0.607594936708861       0.704545454545454     
  0.683544303797468       0.772727272727273     
  0.658227848101266       0.931818181818182     
  0.696202531645570       0.954545454545454     
  0.620253164556962       0.704545454545454     
  0.632911392405063       0.727272727272727     
  0.696202531645570       0.795454545454545     
  0.620253164556962       0.818181818181818     
  0.556962025316456       0.681818181818182     
  0.645569620253164       0.772727272727273     
  0.632911392405063       0.795454545454545     
  0.569620253164557       0.522727272727273     
  0.556962025316456       0.727272727272727     
  0.632911392405063       0.795454545454545     
  0.645569620253164       0.863636363636364     
  0.607594936708861       0.681818181818182     
  0.645569620253164       0.863636363636364     
  0.582278481012658       0.727272727272727     
  0.670886075949367       0.840909090909091     
  0.632911392405063       0.750000000000000     
  0.886075949367089       0.727272727272727     
  0.810126582278481       0.727272727272727     
  0.873417721518987       0.704545454545454     
  0.696202531645570       0.522727272727273     
  0.822784810126582       0.636363636363636     
  0.721518987341772       0.636363636363636     
  0.797468354430380       0.750000000000000     
  0.620253164556962       0.545454545454545     
  0.835443037974683       0.659090909090909     
  0.658227848101266       0.613636363636364     
  0.632911392405063       0.454545454545455     
  0.746835443037975       0.681818181818182     
  0.759493670886076       0.500000000000000     
  0.772151898734177       0.659090909090909     
  0.708860759493671       0.659090909090909     
  0.848101265822785       0.704545454545454     
  0.708860759493671       0.681818181818182     
  0.734177215189873       0.613636363636364     
  0.784810126582278       0.500000000000000     
  0.708860759493671       0.568181818181818     
  0.746835443037975       0.727272727272727     
  0.772151898734177       0.636363636363636     
  0.797468354430380       0.568181818181818     
  0.772151898734177       0.636363636363636     
  0.810126582278481       0.659090909090909     
  0.835443037974683       0.681818181818182     
  0.860759493670886       0.636363636363636     
  0.848101265822785       0.681818181818182     
  0.759493670886076       0.659090909090909     
  0.721518987341772       0.590909090909091     
  0.696202531645570       0.545454545454545     
  0.696202531645570       0.545454545454545     
  0.734177215189873       0.613636363636364     
  0.759493670886076       0.613636363636364     
  0.683544303797468       0.681818181818182     
  0.759493670886076       0.772727272727273     
  0.848101265822785       0.704545454545454     
  0.797468354430380       0.522727272727273     
  0.708860759493671       0.681818181818182     
  0.696202531645570       0.568181818181818     
  0.696202531645570       0.590909090909091     
  0.772151898734177       0.681818181818182     
  0.734177215189873       0.590909090909091     
  0.632911392405063       0.522727272727273     
  0.708860759493671       0.613636363636364     
  0.721518987341772       0.681818181818182     
  0.721518987341772       0.659090909090909     
  0.784810126582278       0.659090909090909     
  0.645569620253164       0.568181818181818     
  0.721518987341772       0.636363636363636     
  0.797468354430380       0.750000000000000     
  0.734177215189873       0.613636363636364     
  0.898734177215190       0.681818181818182     
  0.797468354430380       0.659090909090909     
  0.822784810126582       0.681818181818182     
  0.962025316455696       0.681818181818182     
  0.620253164556962       0.568181818181818     
  0.924050632911392       0.659090909090909     
  0.848101265822785       0.568181818181818     
  0.911392405063291       0.818181818181818     
  0.822784810126582       0.727272727272727     
  0.810126582278481       0.613636363636364     
  0.860759493670886       0.681818181818182     
  0.721518987341772       0.568181818181818     
  0.734177215189873       0.636363636363636     
  0.810126582278481       0.727272727272727     
  0.822784810126582       0.681818181818182     
  0.974683544303797       0.863636363636364     
  0.974683544303797       0.590909090909091     
  0.759493670886076       0.500000000000000     
  0.873417721518987       0.727272727272727     
  0.708860759493671       0.636363636363636     
  0.974683544303797       0.636363636363636     
  0.797468354430380       0.613636363636364     
  0.848101265822785       0.750000000000000     
  0.911392405063291       0.727272727272727     
  0.784810126582278       0.636363636363636     
  0.772151898734177       0.681818181818182     
  0.810126582278481       0.636363636363636     
  0.911392405063291       0.681818181818182     
  0.936708860759494       0.636363636363636     
   1.00000000000000       0.863636363636364     
  0.810126582278481       0.636363636363636     
  0.797468354430380       0.636363636363636     
  0.772151898734177       0.590909090909091     
  0.974683544303797       0.681818181818182     
  0.797468354430380       0.772727272727273     
  0.810126582278481       0.704545454545454     
  0.759493670886076       0.681818181818182     
  0.873417721518987       0.704545454545454     
  0.848101265822785       0.704545454545454     
  0.873417721518987       0.704545454545454     
  0.734177215189873       0.613636363636364     
  0.860759493670886       0.727272727272727     
  0.848101265822785       0.750000000000000     
  0.848101265822785       0.681818181818182     
  0.797468354430380       0.568181818181818     
  0.822784810126582       0.681818181818182     
  0.784810126582278       0.772727272727273     
  0.746835443037975       0.681818181818182     
