  0.886075949367089       0.727272727272727     
  0.810126582278481       0.727272727272727     
  0.873417721518987       0.704545454545454     
  0.822784810126582       0.636363636363636     
  0.797468354430380       0.750000000000000     
  0.835443037974683       0.659090909090909     
  0.848101265822785       0.704545454545454     
  0.746835443037975       0.727272727272727     
  0.810126582278481       0.659090909090909     
  0.835443037974683       0.681818181818182     
  0.860759493670886       0.636363636363636     
  0.848101265822785       0.681818181818182     
  0.848101265822785       0.704545454545454     
  0.797468354430380       0.750000000000000     
  0.898734177215190       0.681818181818182     
  0.797468354430380       0.659090909090909     
  0.822784810126582       0.681818181818182     
  0.962025316455696       0.681818181818182     
  0.924050632911392       0.659090909090909     
  0.911392405063291       0.818181818181818     
  0.822784810126582       0.727272727272727     
  0.860759493670886       0.681818181818182     
  0.810126582278481       0.727272727272727     
  0.822784810126582       0.681818181818182     
  0.974683544303797       0.863636363636364     
  0.974683544303797       0.590909090909091     
  0.873417721518987       0.727272727272727     
  0.974683544303797       0.636363636363636     
  0.848101265822785       0.750000000000000     
  0.911392405063291       0.727272727272727     
  0.911392405063291       0.681818181818182     
  0.936708860759494       0.636363636363636     
   1.00000000000000       0.863636363636364     
  0.974683544303797       0.681818181818182     
  0.797468354430380       0.772727272727273     
  0.810126582278481       0.704545454545454     
  0.873417721518987       0.704545454545454     
  0.848101265822785       0.704545454545454     
  0.873417721518987       0.704545454545454     
  0.860759493670886       0.727272727272727     
  0.848101265822785       0.750000000000000     
  0.848101265822785       0.681818181818182     
  0.822784810126582       0.681818181818182     
  0.784810126582278       0.772727272727273     
