   5.10000000000000        3.50000000000000     
   4.90000000000000        3.00000000000000     
   4.70000000000000        3.20000000000000     
   4.60000000000000        3.10000000000000     
   5.00000000000000        3.60000000000000     
   5.40000000000000        3.90000000000000     
   4.60000000000000        3.40000000000000     
   5.00000000000000        3.40000000000000     
   4.40000000000000        2.90000000000000     
   4.90000000000000        3.10000000000000     
   5.40000000000000        3.70000000000000     
   4.80000000000000        3.40000000000000     
   4.80000000000000        3.00000000000000     
   4.30000000000000        3.00000000000000     
   5.80000000000000        4.00000000000000     
   5.70000000000000        4.40000000000000     
   5.40000000000000        3.90000000000000     
   5.10000000000000        3.50000000000000     
   5.70000000000000        3.80000000000000     
   5.10000000000000        3.80000000000000     
   5.40000000000000        3.40000000000000     
   5.10000000000000        3.70000000000000     
   4.60000000000000        3.60000000000000     
   5.10000000000000        3.30000000000000     
   4.80000000000000        3.40000000000000     
   5.00000000000000        3.00000000000000     
   5.00000000000000        3.40000000000000     
   5.20000000000000        3.50000000000000     
   5.20000000000000        3.40000000000000     
   4.70000000000000        3.20000000000000     
   4.80000000000000        3.10000000000000     
   5.40000000000000        3.40000000000000     
   5.20000000000000        4.10000000000000     
   5.50000000000000        4.20000000000000     
   4.90000000000000        3.10000000000000     
   5.00000000000000        3.20000000000000     
   5.50000000000000        3.50000000000000     
   4.90000000000000        3.60000000000000     
   4.40000000000000        3.00000000000000     
   5.10000000000000        3.40000000000000     
   5.00000000000000        3.50000000000000     
   4.40000000000000        3.20000000000000     
   5.00000000000000        3.50000000000000     
   5.10000000000000        3.80000000000000     
   4.80000000000000        3.00000000000000     
   5.10000000000000        3.80000000000000     
   4.60000000000000        3.20000000000000     
   5.30000000000000        3.70000000000000     
   5.00000000000000        3.30000000000000     
   6.00000000000000        3.40000000000000     
