  0.569620253164557       0.522727272727273     
  0.696202531645570       0.522727272727273     
  0.721518987341772       0.636363636363636     
  0.620253164556962       0.545454545454545     
  0.658227848101266       0.613636363636364     
  0.632911392405063       0.454545454545455     
  0.746835443037975       0.681818181818182     
  0.759493670886076       0.500000000000000     
  0.772151898734177       0.659090909090909     
  0.708860759493671       0.659090909090909     
  0.708860759493671       0.681818181818182     
  0.734177215189873       0.613636363636364     
  0.784810126582278       0.500000000000000     
  0.708860759493671       0.568181818181818     
  0.772151898734177       0.636363636363636     
  0.797468354430380       0.568181818181818     
  0.772151898734177       0.636363636363636     
  0.759493670886076       0.659090909090909     
  0.721518987341772       0.590909090909091     
  0.696202531645570       0.545454545454545     
  0.696202531645570       0.545454545454545     
  0.734177215189873       0.613636363636364     
  0.759493670886076       0.613636363636364     
  0.683544303797468       0.681818181818182     
  0.797468354430380       0.522727272727273     
  0.708860759493671       0.681818181818182     
  0.696202531645570       0.568181818181818     
  0.696202531645570       0.590909090909091     
  0.772151898734177       0.681818181818182     
  0.734177215189873       0.590909090909091     
  0.632911392405063       0.522727272727273     
  0.708860759493671       0.613636363636364     
  0.721518987341772       0.681818181818182     
  0.721518987341772       0.659090909090909     
  0.784810126582278       0.659090909090909     
  0.645569620253164       0.568181818181818     
  0.721518987341772       0.636363636363636     
  0.734177215189873       0.613636363636364     
  0.620253164556962       0.568181818181818     
  0.848101265822785       0.568181818181818     
  0.810126582278481       0.613636363636364     
  0.721518987341772       0.568181818181818     
  0.734177215189873       0.636363636363636     
  0.759493670886076       0.500000000000000     
  0.708860759493671       0.636363636363636     
  0.797468354430380       0.613636363636364     
  0.784810126582278       0.636363636363636     
  0.772151898734177       0.681818181818182     
  0.810126582278481       0.636363636363636     
  0.810126582278481       0.636363636363636     
  0.797468354430380       0.636363636363636     
  0.772151898734177       0.590909090909091     
  0.759493670886076       0.681818181818182     
  0.734177215189873       0.613636363636364     
  0.797468354430380       0.568181818181818     
  0.746835443037975       0.681818181818182     
