  0.64556962025316444       0.79545454545454541     
  0.62025316455696200       0.68181818181818177     
  0.59493670886075944       0.72727272727272729     
  0.58227848101265811       0.70454545454545447     
  0.63291139240506322       0.81818181818181812     
  0.68354430379746833       0.88636363636363624     
  0.58227848101265811       0.77272727272727260     
  0.63291139240506322       0.77272727272727260     
  0.55696202531645567       0.65909090909090906     
  0.62025316455696200       0.70454545454545447     
  0.68354430379746833       0.84090909090909083     
  0.60759493670886067       0.77272727272727260     
  0.60759493670886067       0.68181818181818177     
  0.54430379746835433       0.68181818181818177     
  0.73417721518987333       0.90909090909090906     
  0.72151898734177211        1.0000000000000000     
  0.68354430379746833       0.88636363636363624     
  0.64556962025316444       0.79545454545454541     
  0.72151898734177211       0.86363636363636354     
  0.64556962025316444       0.86363636363636354     
  0.68354430379746833       0.77272727272727260     
  0.64556962025316444       0.84090909090909083     
  0.58227848101265811       0.81818181818181812     
  0.64556962025316444       0.74999999999999989     
  0.60759493670886067       0.77272727272727260     
  0.63291139240506322       0.68181818181818177     
  0.63291139240506322       0.77272727272727260     
  0.65822784810126578       0.79545454545454541     
  0.65822784810126578       0.77272727272727260     
  0.59493670886075944       0.72727272727272729     
  0.60759493670886067       0.70454545454545447     
  0.68354430379746833       0.77272727272727260     
  0.65822784810126578       0.93181818181818166     
  0.69620253164556956       0.95454545454545447     
  0.62025316455696200       0.70454545454545447     
  0.63291139240506322       0.72727272727272729     
  0.69620253164556956       0.79545454545454541     
  0.62025316455696200       0.81818181818181812     
  0.55696202531645567       0.68181818181818177     
  0.64556962025316444       0.77272727272727260     
  0.63291139240506322       0.79545454545454541     
  0.55696202531645567       0.72727272727272729     
  0.63291139240506322       0.79545454545454541     
  0.64556962025316444       0.86363636363636354     
  0.60759493670886067       0.68181818181818177     
  0.64556962025316444       0.86363636363636354     
  0.58227848101265811       0.72727272727272729     
  0.67088607594936700       0.84090909090909083     
  0.63291139240506322       0.74999999999999989     
  0.75949367088607589       0.77272727272727260     
