  0.56962025316455689       0.52272727272727260     
  0.69620253164556956       0.52272727272727260     
  0.72151898734177211       0.63636363636363624     
  0.62025316455696200       0.54545454545454541     
  0.65822784810126578       0.61363636363636365     
  0.63291139240506322       0.45454545454545453     
  0.74683544303797467       0.68181818181818177     
  0.75949367088607589       0.50000000000000000     
  0.77215189873417711       0.65909090909090906     
  0.70886075949367078       0.65909090909090906     
  0.70886075949367078       0.68181818181818177     
  0.73417721518987333       0.61363636363636365     
  0.78481012658227844       0.50000000000000000     
  0.70886075949367078       0.56818181818181812     
  0.77215189873417711       0.63636363636363624     
  0.79746835443037967       0.56818181818181812     
  0.77215189873417711       0.63636363636363624     
  0.75949367088607589       0.65909090909090906     
  0.72151898734177211       0.59090909090909083     
  0.69620253164556956       0.54545454545454541     
  0.69620253164556956       0.54545454545454541     
  0.73417721518987333       0.61363636363636365     
  0.75949367088607589       0.61363636363636365     
  0.68354430379746833       0.68181818181818177     
  0.79746835443037967       0.52272727272727260     
  0.70886075949367078       0.68181818181818177     
  0.69620253164556956       0.56818181818181812     
  0.69620253164556956       0.59090909090909083     
  0.77215189873417711       0.68181818181818177     
  0.73417721518987333       0.59090909090909083     
  0.63291139240506322       0.52272727272727260     
  0.70886075949367078       0.61363636363636365     
  0.72151898734177211       0.68181818181818177     
  0.72151898734177211       0.65909090909090906     
  0.78481012658227844       0.65909090909090906     
  0.64556962025316444       0.56818181818181812     
  0.72151898734177211       0.63636363636363624     
  0.73417721518987333       0.61363636363636365     
  0.62025316455696200       0.56818181818181812     
  0.84810126582278478       0.56818181818181812     
  0.81012658227848100       0.61363636363636365     
  0.72151898734177211       0.56818181818181812     
  0.73417721518987333       0.63636363636363624     
  0.75949367088607589       0.50000000000000000     
  0.70886075949367078       0.63636363636363624     
  0.79746835443037967       0.61363636363636365     
  0.78481012658227844       0.63636363636363624     
  0.77215189873417711       0.68181818181818177     
  0.81012658227848100       0.63636363636363624     
  0.81012658227848100       0.63636363636363624     
  0.79746835443037967       0.63636363636363624     
  0.77215189873417711       0.59090909090909083     
  0.75949367088607589       0.68181818181818177     
  0.73417721518987333       0.61363636363636365     
  0.79746835443037967       0.56818181818181812     
  0.74683544303797467       0.68181818181818177     
