  0.88607594936708856       0.72727272727272729     
  0.81012658227848100       0.72727272727272729     
  0.87341772151898733       0.70454545454545447     
  0.82278481012658222       0.63636363636363624     
  0.79746835443037967       0.74999999999999989     
  0.83544303797468344       0.65909090909090906     
  0.84810126582278478       0.70454545454545447     
  0.74683544303797467       0.72727272727272729     
  0.81012658227848100       0.65909090909090906     
  0.83544303797468344       0.68181818181818177     
  0.86075949367088600       0.63636363636363624     
  0.84810126582278478       0.68181818181818177     
  0.84810126582278478       0.70454545454545447     
  0.79746835443037967       0.74999999999999989     
  0.89873417721518978       0.68181818181818177     
  0.79746835443037967       0.65909090909090906     
  0.82278481012658222       0.68181818181818177     
  0.96202531645569611       0.68181818181818177     
  0.92405063291139233       0.65909090909090906     
  0.91139240506329111       0.81818181818181812     
  0.82278481012658222       0.72727272727272729     
  0.86075949367088600       0.68181818181818177     
  0.81012658227848100       0.72727272727272729     
  0.82278481012658222       0.68181818181818177     
  0.97468354430379744       0.86363636363636354     
  0.97468354430379744       0.59090909090909083     
  0.87341772151898733       0.72727272727272729     
  0.97468354430379744       0.63636363636363624     
  0.84810126582278478       0.74999999999999989     
  0.91139240506329111       0.72727272727272729     
  0.91139240506329111       0.68181818181818177     
  0.93670886075949367       0.63636363636363624     
   1.0000000000000000       0.86363636363636354     
  0.97468354430379744       0.68181818181818177     
  0.79746835443037967       0.77272727272727260     
  0.81012658227848100       0.70454545454545447     
  0.87341772151898733       0.70454545454545447     
  0.84810126582278478       0.70454545454545447     
  0.87341772151898733       0.70454545454545447     
  0.86075949367088600       0.72727272727272729     
  0.84810126582278478       0.74999999999999989     
  0.84810126582278478       0.68181818181818177     
  0.82278481012658222       0.68181818181818177     
  0.78481012658227844       0.77272727272727260     
