  0.43777399141339246       0.53583620582093372     
  0.39146539257068635       0.31830410744560478     
  0.46702385335313468       0.49251927877302670     
  0.52528605776849391       0.57493006995894702     
  0.80538301317121996       0.46095556606177335     
  0.62332948112256659       0.39673252188901875     
  0.51657058942637868       0.67046753255964675     
  0.49685400935489055       0.63560411716191323     
  0.65591400834598179       0.53435724074698643     
  0.54145615048980855       0.29187159826096298     
  0.49211595617175352       0.44209290517101218     
  0.51910800089005471       0.56699774144405235     
  0.52032322750682369       0.31732686743150240     
  0.35923939612047895       0.39961862163614548     
  0.50105972309376379       0.54265152266745231     
  0.58171858916604635       0.46290838836993908     
  0.47230213101880925       0.71556338960033972     
  0.37964621748149363       0.50007911794972104     
  0.77298063984318932       0.43395255419582757     
