  0.49388436555122150       0.98057912918749923     
   1.3111482269735131E-002  0.73061265565755873     
  0.33952387600707523       0.76162048186947839     
  0.10204239607201315       0.91238374890184626     
  0.32913780156286554       0.86971773726921919     
   9.1283249591395776E-002  0.80757725594081720     
   4.4129727014279085E-002  0.80276722127713929     
  0.24444334675903345       0.71931083548251007     
  0.19654189773758246       0.64166867140679307     
  0.38904390444757642       0.89079338148686293     
  0.11921309953597581       0.71743379741762314     
   3.2006405296345353E-003  0.87704677020395905     
  0.19529410032862682       0.88831873215660972     
   6.9662013370950682E-002  0.77334173942035844     
  0.16357372353833133       0.80955101418097597     
  0.25805739937466965       0.69488828343660058     
  0.13631495673271143       0.76339942892466506     
  0.22910400632092054       0.99569738010373599     
  0.12770217054931388       0.89626020123217931     
  0.42049309908445809       0.86307278520937714     
  0.33173001726780238       0.99103534579593533     
  0.40476319818769246       0.74887937188891163     
  0.30883349945489114       0.73484819501522880     
