   2.0000000000000001E-004   8.6602540378443864E-005  0.86602540378443871     
   2.0199999999999989E-002   2.0101726734516139E-002   1.0303889080175193     
   4.0199999999999868E-002   4.0100461500973912E-002  0.97077626217482715     
   6.0199999999999747E-002   6.0098619557745876E-002   1.0063603990536838     
   8.0200000000000243E-002   8.0100872145180982E-002   1.0151661512310719     
  0.10020000000000082       0.10010028864734161       0.98149587095078761     
  0.12020000000000139       0.12009902393325818        1.0045135529656424     
  0.14020000000000196       0.14010066022537102        1.0114614241204498     
  0.16020000000000253       0.16010022755433853       0.98536696967871151     
  0.18020000000000311       0.18009920306078997        1.0036896806699300     
  0.20020000000000368       0.20010055270048094        1.0095882720189433     
  0.22020000000000425       0.22010019381004284       0.98751926945761381     
  0.24020000000000483       0.24009930983753017        1.0031972547975248     
  0.26020000000000398       0.26010048489973114        1.0084089774812190     
  0.28020000000000178       0.28010017166806533       0.98893618394800276     
  0.30019999999999958       0.30009938270381409        1.0028607302585377     
  0.32019999999999738       0.32010043716684083        1.0075794717078626     
  0.34019999999999517       0.34010015571211216       0.98995926266203527     
  0.36019999999999297       0.36009943649064913        1.0026120975301072     
  0.38019999999999077       0.38010040122462113        1.0069552255330270     
  0.40019999999998856       0.40010014351162720       0.99074258272962590     
  0.42019999999998636       0.42009947829331246        1.0024187424481608     
  0.44019999999998416       0.44010037290189685        1.0064635146704917     
  0.46019999999998196       0.46010013379228326       0.99136719685886232     
  0.48019999999997975       0.48009951198919365        1.0022628141216570     
  0.50019999999997755       0.50010034983843177        1.0060632299769918     
  0.52019999999997535       0.52010012581311171       0.99188034682430926     
  0.54019999999997315       0.54009953989983395        1.0021336125891658     
  0.56019999999997094       0.56010033058514963        1.0057291512443509     
  0.58019999999996874       0.58010011911005332       0.99231167358874062     
  0.60019999999996654       0.60009956351128479        1.0020242827960515     
  0.62019999999996434       0.62010031419664746        1.0054448338421689     
  0.64019999999996213       0.64010011337551831       0.99268084013972635     
  0.66019999999995993       0.66009958382484757        1.0019302028372274     
  0.68019999999995773       0.68010030002635502        1.0051990365399452     
  0.70019999999995552       0.70010010839673642       0.99300147231909963     
  0.72019999999995332       0.72009960154303065        1.0018481282062575     
  0.74019999999995112       0.74010028761519620        1.0049837795763572     
  0.76019999999994892       0.76010010402110395       0.99328335053045869     
  0.78019999999994671       0.78009961717530041        1.0017757051839240     
  0.80019999999994451       0.80010027662699512        1.0047932209404766     
  0.82019999999994231       0.82010010013594825       0.99353370109041195     
  0.84019999999994011       0.84009963110119346        1.0017111792869862     
  0.86019999999993790       0.86010026680894147        1.0046229722072153     
  0.88019999999993570       0.88010009665586353       0.99375799446702218     
  0.90019999999993350       0.90009964361011618        1.0016532123043194     
  0.92019999999993130       0.92010025796722761        1.0044696644256121     
  0.94019999999992909       0.94010009351512558       0.99396045824947810     
  0.96019999999992689       0.96009965492721427        1.0016007633395310     
  0.98019999999992469       0.98010024995002154        1.0043306622693369     
   1.0001999999999225        1.0001000906619222       0.99414441819937593     
   1.0201999999999203        1.0200996652303516        1.0015530093061507     
   1.0401999999999181        1.0401002426365995        1.0042038710048198     
