   2.0000000000000001E-004   5.6949479745149937E-005  0.56949479745149945     
   2.0199999999999989E-002   2.0100354212355377E-002   1.0675509613441025     
   4.0199999999999868E-002   4.0106661066070914E-002  0.98716693537098532     
   6.0199999999999747E-002   6.0097306643180172E-002  0.96567199081210187     
   8.0200000000000243E-002   8.0096341939507640E-002   1.0225025069179079     
  0.10020000000000082       0.10010356425051574        1.0175283553925838     
  0.12020000000000139       0.12010152053018276       0.97441492239024008     
  0.14020000000000196       0.14009635284471805       0.99584942043128177     
  0.16020000000000253       0.16010021962435883        1.0239076796568987     
  0.18020000000000311       0.18010312354164165       0.99351478310325192     
  0.20020000000000368       0.20009846944900439       0.98138400211944765     
  0.22020000000000425       0.22009783141968767        1.0138547192542522     
  0.24020000000000483       0.24010233182364771        1.0110251226641018     
  0.26020000000000398       0.26010098652664809       0.98248821080336468     
  0.28020000000000178       0.28009741323065734       0.99738610215742940     
  0.30019999999999958       0.30010020625906447        1.0174393744422905     
  0.32019999999999738       0.32010232988386200       0.99484687701884678     
  0.34019999999999517       0.34009878906349561       0.98586778437197731     
  0.36019999999999297       0.36009833290196391        1.0110384351709985     
  0.38019999999999077       0.38010187563505793        1.0085334903976590     
  0.40019999999998856       0.40010075892080865       0.98578533680923441     
  0.42019999999998636       0.42009788261783876       0.99812481463340452     
  0.44019999999998416       0.44010020726440313        1.0143776618013602     
  0.46019999999998196       0.46010193203671229       0.99546472364304706     
  0.48019999999997975       0.48009895049894286       0.98823199623240288     
  0.50019999999997755       0.50009860954004737        1.0095381622979227     
  0.52019999999997535       0.52010162184577402        1.0070980808709076     
  0.54019999999997315       0.54010062185249652       0.98768776822795945     
  0.56019999999997094       0.56009816237215837       0.99860008534266043     
  0.58019999999996874       0.58010021244426180        1.0124990947133981     
  0.60019999999996654       0.60010168134422281       0.99582309000558722     
  0.62019999999996434       0.62009905029566537       0.98975956495769934     
  0.64019999999996213       0.64009879262889746        1.0085793332767838     
  0.66019999999995993       0.66010145544403942        1.0061240609583895     
  0.68019999999995773       0.68010052615295891       0.98896214655650860     
  0.70019999999995552       0.70009835341007509       0.99894836662753450     
  0.72019999999995332       0.72010021918594247        1.0111934628786989     
  0.74019999999995112       0.74010150419556875       0.99605497421980560     
  0.76019999999994892       0.76009911881767511       0.99085654898976705     
  0.78019999999994671       0.78009892624324806        1.0079034503027815     
  0.80019999999994451       0.80010133592634980        1.0054006392890280     
  0.82019999999994231       0.82010045352811389       0.98989157248280468     
  0.84019999999994011       0.84009849464778685       0.99922317854613896     
  0.86019999999993790       0.86010022654242146        1.0102160091110668     
  0.88019999999993570       0.88010136998012845       0.99621494935405697     
  0.90019999999993350       0.90009916902609155       0.99169756685134058     
  0.92019999999993130       0.92009902993201187        1.0073965913536951     
  0.94019999999992909       0.94010124490739955        1.0048314947501316     
  0.96019999999992689       0.96010039537811953       0.99060803389987206     
  0.98019999999992469       0.98009860468955801       0.99945055029844465     
   1.0001999999999225        1.0001002341035981        1.0094469608103247     
   1.0201999999999203        1.0201012633863222       0.99632993879881804     
   1.0401999999999181        1.0400992074892625       0.99237180450419205     
   1.0601999999999159        1.0600991138783891        1.0069998038586025     
   1.0801999999999137        1.0801011726877374        1.0043654653466045     
   1.1001999999999115        1.1001003470459443       0.99118240181507333     
   1.1201999999999093        1.1200986936933930       0.99964493826755707     
   1.1401999999999071        1.1401002416726083        1.0088198825562249     
   1.1601999999999049        1.1601011757927988       0.99641489077430079     
   1.1801999999999027        1.1800992379297148       0.99293021222493283     
   1.2001999999999005        1.2000991839813271        1.0066791648557740     
   1.2201999999998983        1.2201011136079944        1.0039724947420434     
   1.2401999999998961        1.2401003057560505       0.99165655661907504     
   1.2601999999998938        1.2600987677352331       0.99981513562744684     
   1.2801999999998916        1.2801002491490407        1.0082945768833891     
   1.3001999999998894        1.3001011019251150       0.99647882138018240     
   1.3201999999998872        1.3200992626310266       0.99340429834760857     
   1.3401999999998850        1.3400992439272847        1.0064136162456603     
   1.3601999999998828        1.3601010641175391        1.0036335965696448     
   1.3801999999998806        1.3801002697349534       0.99205703115255928     
   1.4001999999998784        1.4000988307003854       0.99996685821287423     
   1.4201999999998762        1.4201002564802123        1.0078451111186313     
   1.4401999999998740        1.4401010383513531       0.99652751385043548     
   1.4601999999998718        1.4600992830794255       0.99381473739333626     
   1.4801999999998696        1.4800992961551520        1.0061893183481345     
   1.5001999999998674        1.5001010218626423        1.0033361003158061     
   1.5201999999998652        1.5201002377877741       0.99240154968549221     
   1.5401999999998630        1.5400988852033464        1.0001040150165381     
   1.5601999999998608        1.5601002636385510        1.0074539093974635     
   1.5801999999998586        1.5801009827294348       0.99656485851871746     
   1.6001999999998564        1.6000993002878376       0.99417573463128328     
   1.6201999999998542        1.6200993423521717        1.0059967609573275     
   1.6401999999998520        1.6401009852145052        1.0030711781492714     
   1.6601999999998498        1.6601002090753261       0.99270245699176529     
   1.6801999999998476        1.6800989346524788        1.0002344933779683     
   1.7001999999998454        1.7000943536333506       0.97188856478825003     
   1.7201999999998432        1.7201210003882266       0.92832652367220525     
   1.7401999999998410        1.7400860560227651       0.91197774539216470     
   1.7601999999998388        1.7601153271203680        1.0447569857774714     
   1.7801999999998366        1.7801130916910000        1.0251174579878013     
   1.8001999999998344        1.8001019604368724       0.92351880960517452     
   1.8201999999998322        1.8201252479603007        1.0582754021629532     
   1.8401999999998300        1.8401269455003182       0.93434605097916712     
   1.8601999999998278        1.8600982415255785        1.0893926192112471     
   1.8801999999998256        1.8801083420881961        1.1053840236272257     
   1.9001999999998234        1.9000899093390640       0.93255266965231320     
   1.9201999999998212        1.9201417862241488       0.92763674161566922     
   1.9401999999998190        1.9400047682473716       0.92251483065053153     
   1.9601999999998168        1.9602801304835733        1.0191026263063021     
   1.9801999999998146        1.9799496973583508        1.3048337391038343     
   2.0001999999998126        1.9981616439048431      -0.37631015935913315     
   2.0201999999998104        1.9799028852573581       -1.0005777323633824     
   2.0401999999998082        1.9598978996499636      -0.97592345494081589     
   2.0601999999998060        1.9398975089713015       -1.0015694802042401     
   2.0801999999998038        1.9198984375005237       -1.0236972684237720     
   2.1001999999998016        1.8998986238112556       -1.0187462742761721     
   2.1201999999997994        1.8798998003402934       -1.0126379990930796     
   2.1401999999997972        1.8598990916099072       -1.0191332887320896     
   2.1601999999997950        1.8398963078259594       -1.0082210836907850     
   2.1801999999997927        1.8198977807159951      -0.97946823868472277     
   2.2001999999997905        1.7999032386051259      -0.98679524542613850     
   2.2201999999997883        1.7799012246080970       -1.0228020486429241     
   2.2401999999997861        1.7598962529404019      -0.99594852250273236     
   2.2601999999997839        1.7399027973367447      -0.98582130390205946     
   2.2801999999997817        1.7198990208272140       -1.0165957733390643     
   2.3001999999997795        1.6999008148218457      -0.99019489885152689     
   2.3201999999997773        1.6798977675732760       -1.0074003246578358     
   2.3401999999997751        1.6599032333969064      -0.99044532392896856     
   2.3601999999997729        1.6398974990399515       -1.0034594259066965     
   2.3801999999997707        1.6199004125659600       -1.0132137824209724     
   2.4001999999997685        1.5999017072852457      -0.98082663943079407     
   2.4201999999997663        1.5798983481611175      -0.99822250210786978     
   2.4401999999997641        1.5598986454569619       -1.0192554943451972     
   2.4601999999997619        1.5399017666135195       -1.0015901954060835     
   2.4801999999997597        1.5199026181054593      -0.98758994378291409     
   2.5001999999997575        1.4998995867366511      -0.99114923059413151     
   2.5201999999997553        1.4798970678188688      -0.99158591250093342     
   2.5401999999997531        1.4598979599590123      -0.99636098768910164     
   2.5601999999997509        1.4398988141395495       -1.0119790745232826     
   2.5801999999997487        1.4198980165132842       -1.0160125644380293     
   2.6001999999997465        1.3998985484541773       -1.0079223460307296     
   2.6201999999997443        1.3798998229532633       -1.0112603208495563     
   2.6401999999997421        1.3598987993403058       -1.0177720035633844     
   2.6601999999997399        1.3398974348037911       -1.0081373176846471     
   2.6801999999997377        1.3198981719159000      -0.99815571070400799     
   2.7001999999997355        1.2998986013549005      -0.99903056647278243     
   2.7201999999997333        1.2798982272301098      -0.99207835835019609     
   2.7401999999997311        1.2599001781817962      -0.98162986542888175     
   2.7601999999997289        1.2399028195286852      -0.99384177527371420     
   2.7801999999997267        1.2199016092855310       -1.0149754082116746     
   2.8001999999997245        1.1998984179435208       -1.0116459053799929     
   2.8201999999997223        1.1798982440950938      -0.99314594168763515     
   2.8401999999997201        1.1599006181395657      -0.98995257146530014     
   2.8601999999997179        1.1399014398160381       -1.0030101293153075     
   2.8801999999997157        1.1198995715967965       -1.0082311187601842     
   2.9001999999997135        1.0998987963122533      -0.99590143873818782     
   2.9201999999997112        1.0799009657559757      -0.99404385926738426     
   2.9401999999997090        1.0599005075108034       -1.0088122396129999     
   2.9601999999997068        1.0398983908304795      -0.99784873657355311     
   2.9801999999997046        1.0199013010968123      -0.99123990619236124     
   3.0001999999997024       0.99990044220389751       -1.0143294333976636     
   3.0201999999997002       0.97989772271148301      -0.99274969422615023     
   3.0401999999996980       0.95990242378945634      -0.99211581291593476     
   3.0601999999996958       0.93989930240643416       -1.0171270045939991     
   3.0801999999996936       0.91989888307722545      -0.98660693767311813     
   3.1001999999996914       0.89990149790903617       -1.0048464629511407     
   3.1201999999996892       0.87989896882604879      -0.99733225859337182     
   3.1401999999996870       0.85990123915054850       -1.0056572842878475     
   3.1601999999996848       0.83989779570902723      -0.99594553357990245     
   3.1801999999996826       0.81990255738524609      -0.99591004243869652     
   3.2001999999996804       0.79989826359048954       -1.0093827105056674     
   3.2201999999996782       0.77990095785216496      -0.99446725777156542     
   3.2401999999996760       0.75989861045710527      -0.99909106171982054     
   3.2601999999996738       0.73990236490794115       -1.0006910914767631     
   3.2801999999996716       0.71989759836586642       -1.0038600517210834     
   3.3001999999996694       0.69990143798531712      -0.99743871005044038     
   3.3201999999996672       0.67989916845475173      -0.99335235857354764     
   3.3401999999996650       0.65990115424017270       -1.0140756653565308     
   3.3601999999996628       0.63989876000323542      -0.98758347522276102     
   3.3801999999996606       0.61990000117429755       -1.0067229327395704     
   3.4001999999996584       0.59990458029529548       -1.0037096564474026     
   3.4201999999996562       0.57988940997053506       -1.0288518084034906     
   3.4401999999996540       0.55989913860869622       -1.0500111350438692     
   3.4601999999996518       0.53991869530182468      -0.95322627216441613     
   3.4801999999996496       0.51991673908699221       -1.0398510301796409     
   3.5001999999996474       0.49990867877770606      -0.98782194272405022     
   3.5201999999996452       0.47989888607446429       -1.0113091591944521     
   3.5401999999996430       0.45988649532443598       -1.0453898975057740     
   3.5601999999996408       0.43990932550690026       -1.0415732001465490     
   3.5801999999996386       0.41987979432461098      -0.99026647559754333     
   3.6001999999996364       0.39989530496373554      -0.96657232806827387     
   3.6201999999996342       0.37988544820587244      -0.94636380714211776     
   3.6401999999996320       0.35990760935031751       -1.0467858204172757     
   3.6601999999996297       0.33987471066859798       -1.0037016571172366     
   3.6801999999996275       0.31988343629342592      -0.98783217948037672     
   3.7001999999996253       0.29988763797770562       -1.0284175339118902     
   3.7201999999996231       0.27990266221835003      -0.96368240179891129     
   3.7401999999996209       0.25993433713947950       -1.0153467258074029     
   3.7601999999996187       0.23993205208243151      -0.96271428761186062     
   3.7801999999996165       0.21986509922315817      -0.97113865909147334     
   3.8001999999996143       0.19993524797138892      -0.95631846629234374     
   3.8201999999996121       0.17994938559200266      -0.97961805328412377     
   3.8401999999996099       0.15987795314168160      -0.93398459017958890     
   3.8601999999996077       0.13994842154743106       -1.0591540976337346     
   3.8801999999996055       0.11992449269182030       -1.0914538435981511     
   3.9001999999996033        9.9995125802884874E-002 -0.95520762314410357     
   3.9201999999996011        7.9862880807474085E-002  -1.1325823185690040     
   3.9401999999995989        5.9908936439791637E-002  -1.1349228502876563     
   3.9601999999995967        3.9835550803425455E-002 -0.81031778839518032     
   3.9801999999995945        1.9411674426652717E-002 -0.76447786714463672     
   4.0001999999995927        2.3089756850133247E-003  0.33931908148102208     
   4.0201999999996350        2.0102916566291019E-002   1.0232741579110014     
   4.0401999999996772        4.0096229744286067E-002  0.99968861264667030     
   4.0601999999997194        6.0099276327148329E-002  0.98424482338828156     
   4.0801999999997616        8.0102430942819533E-002   1.0026531242870000     
   4.1001999999998038       0.10010065182716160        1.0052035701323301     
   4.1201999999998460       0.12009816970436193        1.0018764425740558     
   4.1401999999998882       0.14009842647057155        1.0017804509128421     
   4.1601999999999304       0.16009989403663683       0.99059482473881588     
   4.1801999999999726       0.18010035397870355       0.97944909721617457     
   4.2002000000000148       0.20010144614551406       0.98486926086585513     
   4.2202000000000570       0.22010368704265787       0.99263759269763652     
   4.2402000000000992       0.24010380521095565       0.99265788832771951     
   4.2602000000001414       0.26010138040202424       0.99651716698543646     
   4.2802000000001836       0.28009946341573277       0.99993745725566918     
   4.3002000000002258       0.30009810514583585       0.99135408717851492     
   4.3202000000002680       0.32009651922808285       0.98830705111045036     
   4.3402000000003103       0.34009780314079047        1.0025768889742852     
   4.3602000000003525       0.36010238232819430        1.0059747543300059     
   4.3802000000003947       0.38010372604920473       0.98802751928548282     
   4.4002000000004369       0.40009972525970056       0.99055819283195712     
   4.4202000000004791       0.42009882796420678        1.0210539170806026     
   4.4402000000005213       0.44010215206477193        1.0161478105858914     
   4.4602000000005635       0.46009889347834237       0.98947189709449290     
   4.4802000000006057       0.48009633726799134        1.0100804371972794     
   4.5002000000006479       0.50010112149650909        1.0008785939864142     
   4.5202000000006901       0.52009825782534425       0.98011668659856166     
   4.5402000000007323       0.54010016886102186       0.99967326695631442     
   4.5602000000007745       0.56010050260183697       0.98419329665780342     
   4.5802000000008167       0.58010155076981451        1.0074528865233681     
   4.6002000000008589       0.60010170327482104       0.98371063864352626     
   4.6202000000009011       0.62010039744015399        1.0174479111820673     
   4.6402000000009433       0.64010113362947707       0.99908232121512230     
   4.6602000000009856       0.66010153022204476        1.0164627751952928     
   4.6802000000010278       0.68009782084969428       0.99955900332603487     
   4.7002000000010700       0.70010101494583143        1.0138715915427212     
   4.7202000000011122       0.72009801070538138        1.0123015551833299     
   4.7402000000011544       0.74009892796076004       0.98755711860982698     
   4.7602000000011966       0.76009931349681026        1.0103016412786407     
   4.7802000000012388       0.78009729462974031        1.0034937001843103     
   4.8002000000012810       0.80009959731947922       0.98058211285005792     
   4.8202000000013232       0.82010013356041533       0.99641375476046845     
   4.8402000000013654       0.84009809703255833        1.0047661677457544     
   4.8602000000014076       0.86009902857335685       0.98346783245525760     
   4.8802000000014498       0.88010105734545041       0.97864430581542738     
   4.9002000000014920       0.90010107034829612       0.99950862988084888     
   4.9202000000015342       0.92010011462383734        1.0048650431967281     
   4.9402000000015764       0.94009932774484983       0.98750751209376963     
   4.9602000000016186       0.96009977668009361       0.98064042328287659     
   4.9802000000016609       0.98010202411599268       0.99026531845260179     
   5.0002000000017031        1.0001033524083145       0.99654436634730070     
   5.0202000000017453        1.0201018051555839        1.0005277030923456     
   5.0402000000017875        1.0401001342987513        1.0080640209610181     
   5.0602000000018297        1.0601001820469422        1.0056417635356425     
   5.0802000000018719        1.0800999338472392       0.99320295910166378     
   5.1002000000019141        1.1001003834151299       0.99463570871777518     
   5.1202000000019563        1.1201062243968460       0.88294667965266116     
   5.1402000000019985        1.1400925461044620        1.0018534121426919     
   5.1602000000020407        1.1601040268667524        1.0475799295921489     
   5.1802000000020829        1.1800882812944409       0.98512719273215188     
   5.2002000000021251        1.2000972916835313        1.0445778775760657     
   5.2202000000021673        1.2201071829223258        1.0425312126956072     
   5.2402000000022095        1.2400990299902683        1.0093012371874968     
   5.2602000000022517        1.2600985994943503       0.94946026902155967     
   5.2802000000022939        1.2800955955428128       0.99928731776625102     
   5.3002000000023362        1.3000961590912097        1.0351598498684043     
   5.3202000000023784        1.3200868593800936        1.0086249983061679     
   5.3402000000024206        1.3400908750065486       0.94139038075616766     
   5.3602000000024628        1.3601059334272578       0.99853685040214357     
   5.3802000000025050        1.3801039295996904       0.94696780521927426     
   5.4002000000025472        1.4000935918977051       0.96453860444327344     
   5.4202000000025894        1.4201047728037910       0.98219522402134962     
   5.4402000000026316        1.4401181240443997        1.0138884097884646     
   5.4602000000026738        1.4600822634940140       0.97416237983604459     
   5.4802000000027160        1.4801095881904915        1.0414910141117393     
   5.5002000000027582        1.5001172678459109       0.96405317323055684     
   5.5202000000028004        1.5201171865931336        1.0076295895938414     
   5.5402000000028426        1.5401006771397441        1.0411428516106433     
   5.5602000000028848        1.5600836767372239       0.97960326873307568     
   5.5802000000029270        1.5801144123149868        1.0528033220388946     
   5.6002000000029692        1.6001162994872651       0.97918302984674666     
   5.6202000000030115        1.6201098518448622       0.95287136445284049     
   5.6402000000030537        1.6401245979323347       0.98311774485579573     
   5.6602000000030959        1.6600950177865821        1.0528015250330476     
   5.6802000000031381        1.6801103912735369       0.94478434497316943     
   5.7002000000031803        1.7000678713574604       0.98628205704062832     
   5.7202000000032225        1.7200702146407305        1.0242221395524325     
   5.7402000000032647        1.7400584323441455        1.0036880864235738     
   5.7602000000033069        1.7601158391209701       0.93786517966996263     
   5.7802000000033491        1.7800765468716622        1.0580883982799416     
   5.8002000000033913        1.8001530213158128        1.0346975683716151     
   5.8202000000034335        1.8201659127994498        1.0059500223994235     
   5.8402000000034757        1.8401075285929294        1.0674947242311090     
   5.8602000000035179        1.8600589527879448       0.91530755816533194     
   5.8802000000035601        1.8800210538088775        1.0667610173158575     
   5.9002000000036023        1.9000106541324406        1.0943033465732264     
   5.9202000000036445        1.9199883135216207       0.88105684597537404     
   5.9402000000036868        1.9400919488920376        1.1910853017788687     
   5.9602000000037290        1.9601305867595160        1.2443107162108074     
   5.9802000000037712        1.9796590603798194       0.63782468649524715     
   6.0002000000038134        1.9973662527393621      -0.34593220058356344     
   6.0202000000038556        1.9798982374771719      -0.99102296488343977     
   6.0402000000038978        1.9598994087523069       -1.0041703702705453     
   6.0602000000039400        1.9399046769510429       -1.0053829718308254     
   6.0802000000039822        1.9198980223182456       -1.0049804628437955     
   6.1002000000040244        1.8998983430907033       -1.0034805621307057     
   6.1202000000040666        1.8799021296824348       -1.0220430466139270     
   6.1402000000041088        1.8598989365299774      -0.99499190346664879     
   6.1602000000041510        1.8398987740084876      -0.98454201503504390     
   6.1802000000041932        1.8198965160471816      -0.99817931770112833     
   6.2002000000042354        1.7998996699908494      -0.99794352917117246     
   6.2202000000042776        1.7799005094841185       -1.0132531662220814     
   6.2402000000043198        1.7599021252372662      -0.98904824068620256     
   6.2602000000043621        1.7399044813950206       -1.0068064807619035     
   6.2802000000044043        1.7199013940531476      -0.99850135073397128     
   6.3002000000044465        1.6999027207790089       -1.0006674665760684     
   6.3202000000044887        1.6799001486343894      -0.99644308502766654     
   6.3402000000045309        1.6599020468450914      -0.99966036992939766     
   6.3602000000045731        1.6398985953932461      -0.99752565851938835     
   6.3802000000046153        1.6199019813850839      -0.98523808991404938     
   6.4002000000046575        1.5999008241207013      -0.99834784102010965     
   6.4202000000046997        1.5799027145936013      -0.99846611048570477     
   6.4402000000047419        1.5598998118806644       -1.0083158466329578     
   6.4602000000047841        1.5399016995422938       -1.0030908436387378     
   6.4802000000048263        1.5198981302386816       -1.0132561636471051     
   6.5002000000048685        1.4998998010894178      -0.99685161167922387     
   6.5202000000049107        1.4798990637181604      -0.99577591859232162     
   6.5402000000049529        1.4599024193828984       -1.0050574438666380     
   6.5602000000049951        1.4398973141944666       -1.0098918158602503     
   6.5802000000050374        1.4198985634533781      -0.99310947219473589     
   6.6002000000050796        1.3998998119639696      -0.97532270284129885     
   6.6202000000051218        1.3799036669217923       -1.0081349044474184     
   6.6402000000051640        1.3598992584821403       -1.0034485273106510     
   6.6602000000052062        1.3398996552008595       -1.0026391679323081     
   6.6802000000052484        1.3199024920584466      -0.99851499328006910     
   6.7002000000052906        1.2998974670365520       -1.0238506962065530     
   6.7202000000053328        1.2798988305712775      -0.98555120648859162     
   6.7402000000053750        1.2598999956603081      -0.99430144040002655     
   6.7602000000054172        1.2398997584832885       -1.0042686714901126     
   6.7802000000054594        1.2199006065558453      -0.97976662312297402     
   6.8002000000055016        1.1999003927767844       -1.0123301011021140     
   6.8202000000055438        1.1799225634765615      -0.98500302004174167     
   6.8402000000055860        1.1599078046005806      -0.94794713423012622     
   6.8602000000056282        1.1399119692946165       -1.0446067055337709     
   6.8802000000056704        1.1199064946632378      -0.98629176803850349     
   6.9002000000057127        1.0998948694631321      -0.97965863133498976     
   6.9202000000057549        1.0799004353475379       -1.0498149435126334     
   6.9402000000057971        1.0598859775747427       -1.0047885951760229     
   6.9602000000058393        1.0398890281204280       -1.0076349034907079     
   6.9802000000058815        1.0198929670717101      -0.99172499450087404     
   7.0002000000059237       0.99990952353055618       -1.0488780588018691     
   7.0202000000059659       0.97988941722110223      -0.96777669069495365     
   7.0402000000060081       0.95990593581553940      -0.99381997233062780     
   7.0602000000060503       0.93991312073057676      -0.99790425438981067     
   7.0802000000060925       0.91990881445879313      -0.97734400548363509     
   7.1002000000061347       0.89990541536340896      -0.99047345164658718     
   7.1202000000061769       0.87988990197378103       -1.0157176594188331     
   7.1402000000062191       0.85990878709546392       -1.0324022360318976     
   7.1602000000062613       0.83988616080668221       -1.0269178325453727     
   7.1802000000063035       0.81989560904363668      -0.98454534223589774     
   7.2002000000063457       0.79990034710834679      -0.95411922107611524     
   7.2202000000063880       0.77989871327360605      -0.94565084798110766     
   7.2402000000064302       0.75989290650738339      -0.99318030135814728     
   7.2602000000064724       0.73990358078741758       -1.0461838981979517     
   7.2802000000065146       0.71989497385442047      -0.95428886530111456     
   7.3002000000065568       0.69991235034072807       -1.0461898469638791     
   7.3202000000065990       0.67988870626053144       -1.0245888404477863     
   7.3402000000066412       0.65988591618447001      -0.98647188484205695     
   7.3602000000066834       0.63988069827645122      -0.99984489517883490     
   7.3802000000067256       0.61990121500403650       -1.0665804408316888     
   7.4002000000067678       0.59992075700150160      -0.98521897918256907     
   7.4202000000068100       0.57987810507118820      -0.99235007359375116     
   7.4402000000068522       0.55991552532837718      -0.99169146850585077     
   7.4602000000068944       0.53990945164334092       -1.0355147503894016     
   7.4802000000069366       0.51989054938426771       -1.0180074013330598     
   7.5002000000069788       0.49989056064727716       -1.0320116418063396     
   7.5202000000070210       0.47991324591268059       -1.0478060071146666     
   7.5402000000070633       0.45991689371382266      -0.97227929241411326     
   7.5602000000071055       0.43987242689653122       -1.0116773845037621     
   7.5802000000071477       0.41991335094827870      -0.96128447970609010     
   7.6002000000071899       0.39991816452485091       -1.0355200948738332     
   7.6202000000072321       0.37989699101773133       -1.0396571597700819     
   7.6402000000072743       0.35990235283161004       -1.0427851114668574     
   7.6602000000073165       0.33993361770826996       -1.0243611843076748     
   7.6802000000073587       0.31989138683479318      -0.95732282210837161     
   7.7002000000074009       0.29991082681735964       -1.0601884467650859     
   7.7202000000074431       0.27985685366470742      -0.98340376284773034     
   7.7402000000074853       0.25989439935356951      -0.94396840400313020     
   7.7602000000075275       0.23989976106447841      -0.92946774200119175     
   7.7802000000075697       0.21984874557045453      -0.97234375936259065     
   7.8002000000076119       0.19991196136473255       -1.0889912399723056     
   7.8202000000076541       0.17986482723318795      -0.91846995281804356     
   7.8402000000076963       0.15998955135627330      -0.97367149479712134     
   7.8602000000077386       0.14001139645530369      -0.99307146530914081     
   7.8802000000077808       0.11997144335244363      -0.89307556879001426     
   7.9002000000078230        9.9745399644811300E-002  -1.0689915326607955     
   7.9202000000078652        7.9941590090816625E-002 -0.85201910454329055     
   7.9402000000079074        6.0073642661701683E-002 -0.86008776601783254     
   7.9602000000079496        3.9450498053137717E-002 -0.87917390938320450     
   7.9802000000079918        2.0988955114519429E-002 -0.79269101068707559     
   8.0002000000080322        2.9010533156840668E-003  0.34302653834811053     
   8.0202000000079856        2.0102471504067458E-002  0.98190787966874837     
   8.0402000000079390        4.0099006011669082E-002  0.97562188732097144     
   8.0602000000078924        6.0099786317652143E-002   1.0170179713272536     
   8.0802000000078458        8.0097406958668155E-002   1.0174416530711712     
   8.1002000000077992       0.10009999840924105        1.0041245374124792     
   8.1202000000077525       0.12010165263871601        1.0107071545551920     
   8.1402000000077059       0.14010066067518573       0.99714418014120720     
   8.1602000000076593       0.16010072355855698       0.98015422036146804     
   8.1802000000076127       0.18010115861700821       0.99558917295577054     
   8.2002000000075661       0.20010024460765402        1.0158395491207199     
   8.2202000000075195       0.22009828671996834        1.0080488343841885     
   8.2402000000074729       0.24009736579480195       0.99117886972309743     
   8.2602000000074263       0.26009932074106717       0.98947252070604175     
   8.2802000000073797       0.28010219084061849       0.99561439882747471     
   8.3002000000073330       0.30010251229191715        1.0008462727823380     
   8.3202000000072864       0.32010091826467263        1.0065942633023737     
   8.3402000000072398       0.34010006502865087        1.0068009916936989     
   8.3602000000071932       0.36009992386955536        1.0008898227636889     
   8.3802000000071466       0.38009989035054659        1.0028803076946051     
   8.4002000000071000       0.40010051417782277        1.0124735056869494     
   8.4202000000070534       0.42010061892559625        1.0145964018417650     
   8.4402000000070068       0.44009895761278850        1.0122052339383232     
   8.4602000000069602       0.46009797806641006        1.0142402070876422     
   8.4802000000069135       0.48009943006032779        1.0092505413332358     
   8.5002000000068669       0.50010021074809885       0.99483253127962190     
   8.5202000000068203       0.52010106892593500        1.0499292315456958     
   8.5402000000067737       0.54009945782108892        1.0291856114843292     
   8.5602000000067271       0.56009470877578449       0.98607350131783655     
   8.5802000000066805       0.58009892360302540       0.99837492714755605     
   8.6002000000066339       0.60008474726949645       0.96524235536399383     
   8.6202000000065873       0.62010297189229213       0.95258447017549808     
   8.6402000000065406       0.64009973213883897        1.0263601970578771     
   8.6602000000064940       0.66011385533862610       0.98594607155720571     
   8.6802000000064474       0.68010578900560203       0.95601081312937430     
   8.7002000000064008       0.70010103104171340       0.95307252054940128     
   8.7202000000063542       0.72010339441830151       0.97908581475783674     
   8.7402000000063076       0.74010609327471621        1.0372662171476084     
   8.7602000000062610       0.76008840919562359       0.99602775078250749     
   8.7802000000062144       0.78011072923871139        1.0400520151635615     
   8.8002000000061678       0.80010074155908106       0.93661192883622391     
   8.8202000000061211       0.82009296716104274       0.96434769571545687     
   8.8402000000060745       0.84009299557528672        1.0166729375913903     
   8.8602000000060279       0.86009624627414227       0.96980719763644141     
   8.8802000000059813       0.88010467446426766       0.96202010414251005     
   8.9002000000059347       0.90010265428642289        1.0298768083411884     
   8.9202000000058881       0.92009723042448754       0.95553939996305415     
   8.9402000000058415       0.94009770349900779        1.0147915081792658     
   8.9602000000057949       0.96010906722269862       0.99958218185566405     
   8.9802000000057483       0.98009898899425196       0.94815246527580577     
   9.0002000000057016        1.0000882691412407       0.96508268019814425     
   9.0202000000056550        1.0200963176732591       0.98444556715600562     
   9.0402000000056084        1.0401085941145729       0.96419029869141226     
   9.0602000000055618        1.0601096619927981        1.0216936691121798     
   9.0802000000055152        1.0800886693365479       0.99549727605839677     
   9.1002000000054686        1.1001141281936642        1.0030525984377756     
   9.1202000000054220        1.1200895175422017       0.97885965128098174     
   9.1402000000053754        1.1400943485045902        1.0417315334168069     
   9.1602000000053287        1.1601085275000307        1.0289460287353003     
   9.1802000000052821        1.1801140073785321        1.0327702898310136     
   9.2002000000052355        1.2001095114959721        1.0054330579544459     
   9.2202000000051889        1.2200968366759044        1.0313874855587470     
   9.2402000000051423        1.2400827570936437       0.99224692212819909     
   9.2602000000050957        1.2601123977357898       0.98119900430350482     
   9.2802000000050491        1.2800907488387385        1.0042347548252450     
   9.3002000000050025        1.3001149608832920        1.0099182783134586     
   9.3202000000049559        1.3200979395026786       0.95209546439294734     
   9.3402000000049092        1.3400818882696666       0.97700417574852461     
   9.3602000000048626        1.3600829913878687       0.99770833327560904     
   9.3802000000048160        1.3800852188158885       0.99666597583059191     
   9.4002000000047694        1.4000956787830861       0.97901428156125736     
   9.4202000000047228        1.4201233731314791       0.99654399069248079     
   9.4402000000046762        1.4400802431925588        1.0611528236472552     
   9.4602000000046296        1.4601175616091526       0.98825133276610289     
   9.4802000000045830        1.4800747308241191        1.0126064827341636     
   9.5002000000045363        1.5000979532359204        1.0547297327597411     
   9.5202000000044897        1.5201176811140307        1.0322008711510100     
   9.5402000000044431        1.5401261063555878        1.0456835573304639     
   9.5602000000043965        1.5601092775735774        1.0525977417738235     
   9.5802000000043499        1.5800729273242455        1.0104070716144122     
   9.6002000000043033        1.6001061171600821       0.92807415198369680     
   9.6202000000042567        1.6200974167848738        1.0463941821414098     
   9.6402000000042101        1.6401211068474950       0.94961148369920012     
   9.6602000000041635        1.6600681244335858       0.97794282230082863     
   9.6802000000041168        1.6800575722487074        1.0023522004183532     
   9.7002000000040702        1.7000494974882425       0.98919832034454247     
   9.7202000000040236        1.7200605733343131       0.94173159800514605     
   9.7402000000039770        1.7401588307128391       0.98298844809661323     
   9.7602000000039304        1.7600541693462350        1.0463932946927499     
   9.7802000000038838        1.7801728555094585       0.99334695722345001     
   9.8002000000038372        1.8000910343353433       0.90795808963841906     
   9.8202000000037906        1.8200477869445106       0.91770017802316850     
   9.8402000000037440        1.8401032423965509       0.92420760573361571     
   9.8602000000036973        1.8602291143297667        1.0238933255360592     
   9.8802000000036507        1.8799410793834810        1.0103668937132779     
   9.9002000000036041        1.9001768429343719        1.1052715045782331     
   9.9202000000035575        1.9203158845416097        1.1114188655108239     
   9.9402000000035109        1.9400953840968187        1.2015707667592079     
   9.9602000000034643        1.9598966971066265       0.76951711753771201     
   9.9802000000034177        1.9787559160311567       0.98163091432071048     
