   0.00020
   0.02020
   0.04020
   0.06020
   0.08020
   0.10020
   0.12020
   0.14020
   0.16020
   0.18020
   0.20020
   0.22020
   0.24020
   0.26020
   0.28020
   0.30020
   0.32020
   0.34020
   0.36020
   0.38020
   0.40020
   0.42020
   0.44020
   0.46020
   0.48020
   0.50020
   0.52020
   0.54020
   0.56020
   0.58020
   0.60020
   0.62020
   0.64020
   0.66020
   0.68020
   0.70020
   0.72020
   0.74020
   0.76020
   0.78020
   0.80020
   0.82020
   0.84020
   0.86020
   0.88020
   0.90020
   0.92020
   0.94020
   0.96020
   0.98020
   1.00020
   1.02020
   1.04020
   1.06020
   1.08020
   1.10020
   1.12020
   1.14020
   1.16020
   1.18020
   1.20020
   1.22020
   1.24020
   1.26020
   1.28020
   1.30020
   1.32020
   1.34020
   1.36020
   1.38020
   1.40020
   1.42020
   1.44020
   1.46020
   1.48020
   1.50020
   1.52020
   1.54020
   1.56020
   1.58020
   1.60020
   1.62020
   1.64020
   1.66020
   1.68020
   1.70020
   1.72020
   1.74020
   1.76020
   1.78020
   1.80020
   1.82020
   1.84020
   1.86020
   1.88020
   1.90020
   1.92020
   1.94020
   1.96020
   1.98020
   2.00020
   2.02020
   2.04020
   2.06020
   2.08020
   2.10020
   2.12020
   2.14020
   2.16020
   2.18020
   2.20020
   2.22020
   2.24020
   2.26020
   2.28020
   2.30020
   2.32020
   2.34020
   2.36020
   2.38020
   2.40020
   2.42020
   2.44020
   2.46020
   2.48020
   2.50020
   2.52020
   2.54020
   2.56020
   2.58020
   2.60020
   2.62020
   2.64020
   2.66020
   2.68020
   2.70020
   2.72020
   2.74020
   2.76020
   2.78020
   2.80020
   2.82020
   2.84020
   2.86020
   2.88020
   2.90020
   2.92020
   2.94020
   2.96020
   2.98020
   3.00020
   3.02020
   3.04020
   3.06020
   3.08020
   3.10020
   3.12020
   3.14020
   3.16020
   3.18020
   3.20020
   3.22020
   3.24020
   3.26020
   3.28020
   3.30020
   3.32020
   3.34020
   3.36020
   3.38020
   3.40020
   3.42020
   3.44020
   3.46020
   3.48020
   3.50020
   3.52020
   3.54020
   3.56020
   3.58020
   3.60020
   3.62020
   3.64020
   3.66020
   3.68020
   3.70020
   3.72020
   3.74020
   3.76020
   3.78020
   3.80020
   3.82020
   3.84020
   3.86020
   3.88020
   3.90020
   3.92020
   3.94020
   3.96020
   3.98020
   4.00020
   4.02020
   4.04020
   4.06020
   4.08020
   4.10020
   4.12020
   4.14020
   4.16020
   4.18020
   4.20020
   4.22020
   4.24020
   4.26020
   4.28020
   4.30020
   4.32020
   4.34020
   4.36020
   4.38020
   4.40020
   4.42020
   4.44020
   4.46020
   4.48020
   4.50020
   4.52020
   4.54020
   4.56020
   4.58020
   4.60020
   4.62020
   4.64020
   4.66020
   4.68020
   4.70020
   4.72020
   4.74020
   4.76020
   4.78020
   4.80020
   4.82020
   4.84020
   4.86020
   4.88020
   4.90020
   4.92020
   4.94020
   4.96020
   4.98020
   5.00020
   5.02020
   5.04020
   5.06020
   5.08020
   5.10020
   5.12020
   5.14020
   5.16020
   5.18020
   5.20020
   5.22020
   5.24020
   5.26020
   5.28020
   5.30020
   5.32020
   5.34020
   5.36020
   5.38020
   5.40020
   5.42020
   5.44020
   5.46020
   5.48020
   5.50020
   5.52020
   5.54020
   5.56020
   5.58020
   5.60020
   5.62020
   5.64020
   5.66020
   5.68020
   5.70020
   5.72020
   5.74020
   5.76020
   5.78020
   5.80020
   5.82020
   5.84020
   5.86020
   5.88020
   5.90020
   5.92020
   5.94020
   5.96020
   5.98020
   6.00020
   6.02020
   6.04020
   6.06020
   6.08020
   6.10020
   6.12020
   6.14020
   6.16020
   6.18020
   6.20020
   6.22020
   6.24020
   6.26020
   6.28020
   6.30020
   6.32020
   6.34020
   6.36020
   6.38020
   6.40020
   6.42020
   6.44020
   6.46020
   6.48020
   6.50020
   6.52020
   6.54020
   6.56020
   6.58020
   6.60020
   6.62020
   6.64020
   6.66020
   6.68020
   6.70020
   6.72020
   6.74020
   6.76020
   6.78020
   6.80020
   6.82020
   6.84020
   6.86020
   6.88020
   6.90020
   6.92020
   6.94020
   6.96020
   6.98020
   7.00020
   7.02020
   7.04020
   7.06020
   7.08020
   7.10020
   7.12020
   7.14020
   7.16020
   7.18020
   7.20020
   7.22020
   7.24020
   7.26020
   7.28020
   7.30020
   7.32020
   7.34020
   7.36020
   7.38020
   7.40020
   7.42020
   7.44020
   7.46020
   7.48020
   7.50020
   7.52020
   7.54020
   7.56020
   7.58020
   7.60020
   7.62020
   7.64020
   7.66020
   7.68020
   7.70020
   7.72020
   7.74020
   7.76020
   7.78020
   7.80020
   7.82020
   7.84020
   7.86020
   7.88020
   7.90020
   7.92020
   7.94020
   7.96020
   7.98020
   8.00020
   8.02020
   8.04020
   8.06020
   8.08020
   8.10020
   8.12020
   8.14020
   8.16020
   8.18020
   8.20020
   8.22020
   8.24020
   8.26020
   8.28020
   8.30020
   8.32020
   8.34020
   8.36020
   8.38020
   8.40020
   8.42020
   8.44020
   8.46020
   8.48020
   8.50020
   8.52020
   8.54020
   8.56020
   8.58020
   8.60020
   8.62020
   8.64020
   8.66020
   8.68020
   8.70020
   8.72020
   8.74020
   8.76020
   8.78020
   8.80020
   8.82020
   8.84020
   8.86020
   8.88020
   8.90020
   8.92020
   8.94020
   8.96020
   8.98020
   9.00020
   9.02020
   9.04020
   9.06020
   9.08020
   9.10020
   9.12020
   9.14020
   9.16020
   9.18020
   9.20020
   9.22020
   9.24020
   9.26020
   9.28020
   9.30020
   9.32020
   9.34020
   9.36020
   9.38020
   9.40020
   9.42020
   9.44020
   9.46020
   9.48020
   9.50020
   9.52020
   9.54020
   9.56020
   9.58020
   9.60020
   9.62020
   9.64020
   9.66020
   9.68020
   9.70020
   9.72020
   9.74020
   9.76020
   9.78020
   9.80020
   9.82020
   9.84020
   9.86020
   9.88020
   9.90020
   9.92020
   9.94020
   9.96020
   9.98020
