   1
   
   0.0000000000000000       0.10471999645233154        0.0000000000000000        1.9512520217583391     
   1.9999999552965164E-002  0.10420728317138070       -2.5635664620544119E-002   1.9514620652285790     
   3.9999999105930328E-002  0.10318435775863791       -5.1146271780348113E-002   1.9519832084830813     
   5.9999998658895493E-002  0.10165621071124289       -7.6407354077587988E-002   1.9528052937243456     
   7.9999998211860657E-002   9.9630298310067880E-002 -0.10129562232288443        1.9539122946442786     
   9.9999997764825821E-002   9.7116507369283386E-002 -0.12568954984860475        1.9552826252890545     
  0.11999999731779099        9.4127108416698052E-002 -0.14946995097018045        1.9568895564839686     
  0.13999999687075615        9.0676697463757075E-002 -0.17252055150318363        1.9587017321344817     
  0.15999999642372131        8.6782126568298507E-002 -0.19472854912545101        1.9606837758254154     
  0.17999999597668648        8.2462423439966112E-002 -0.21598516124426426        1.9627969763927591     
  0.19999999552965164        7.7738700387693219E-002 -0.23618615789281686        1.9650000395744147     
  0.21999999508261681        7.2634052960849141E-002 -0.25523237704709228        1.9672498914897820     
  0.23999999463558197        6.7173448690234047E-002 -0.27303021963345542        1.9695025185847554     
  0.25999999418854713        6.1383606391680189E-002 -0.28949212139834596        1.9717138278378570     
  0.27999999374151230        5.5292866552945623E-002 -0.30453699874366069        1.9738405104811578     
  0.29999999329447746        4.8931053383081805E-002 -0.31809066560307148        1.9758408922682169     
  0.31999999284744263        4.2329329161586826E-002 -0.33008621845275093        1.9776757534367526     
  0.33999999240040779        3.5520041581381091E-002 -0.34046438662025885        1.9793091019754117     
  0.35999999195337296        2.8536564833848338E-002 -0.34917384518128136        1.9807088846131258     
  0.37999999150633812        2.1413135234729409E-002 -0.35617148791699960        1.9818476210985383     
  0.39999999105930328        1.4184682235410763E-002 -0.36142265804435825        1.9827029488089458     
  0.41999999061226845        6.8866557040460300E-003 -0.36490133472441705        1.9832580664966415     
  0.43999999016523361       -4.4514960597818402E-004 -0.36659027369514186        1.9835020680099194     
  0.45999998971819878       -7.7747714572939360E-003 -0.36648110075727852        1.9834301590722359     
  0.47999998927116394       -1.5066258439446388E-002 -0.36457435725649451        1.9830437526149316     
  0.49999998882412910       -2.2283848220951811E-002 -0.36087949714155648        1.9823504406795933     
  0.51999998837709427       -2.9392144774584818E-002 -0.35541483562579101        1.9813638434749203     
  0.53999998793005943       -3.6356293617440943E-002 -0.34820744992584923        1.9801033387275906     
  0.55999998748302460       -4.3142154125490786E-002 -0.33929303298628227        1.9785936769451618     
  0.57999998703598976       -4.9716468008735110E-002 -0.32871570150958473        1.9768644905524291     
  0.59999998658895493       -5.6047023067018205E-002 -0.31652775998910165        1.9749497070162521     
  0.61999998614192009       -6.2102811387217891E-002 -0.30278942277785520        1.9728868779896254     
  0.63999998569488525       -6.7854181188924972E-002 -0.28756849651301108        1.9707164381433102     
  0.65999998524785042       -7.3272981576774698E-002 -0.27094002544846796        1.9684809086812072     
  0.67999998480081558       -7.8332699512165135E-002 -0.25298590242419761        1.9662240615316762     
  0.69999998435378075       -8.3008588374051395E-002 -0.23379444832002583        1.9639900608585870     
  0.71999998390674591       -8.7277787536732876E-002 -0.21345996290527608        1.9618225988394740     
  0.73999998345971107       -9.1119432451024315E-002 -0.19208225000794460        1.9597640426189291     
  0.75999998301267624       -9.4514754773003751E-002 -0.16976611989354018        1.9578546089757551     
  0.77999998256564140       -9.7447172140892685E-002 -0.14662087167167850        1.9561315825615089     
  0.79999998211860657       -9.9902367254943711E-002 -0.12275975844644568        1.9546285925998301     
  0.81999998167157173      -0.10186835596707476       -9.8299437803716028E-002   1.9533749617083098     
  0.83999998122453690      -0.10333554413617396       -7.3359410094670979E-002   1.9523951390480065     
  0.85999998077750206      -0.10429677305147485       -4.8061446839301185E-002   1.9517082283519436     
  0.87999998033046722      -0.10474735327031898       -2.2529011445768916E-002   1.9513276195657010     
  0.89999997988343239      -0.10468508675829806        3.1133256706344231E-003   1.9512607308829180     
  0.91999997943639755      -0.10411027725965363        2.8740475574620703E-002   1.9515088659084729     
  0.93999997898936272      -0.10302572886447352        5.4227420971082893E-002   1.9520671885637380     
  0.95999997854232788      -0.10143673277729569        7.9449806134732889E-002   1.9529248161927528     
  0.97999997809529305       -9.9351042329884204E-002  0.10428452470151461        1.9540650291661086     
  0.99999997764825821       -9.6778836319843631E-002  0.12861030337669307        1.9554655931414520     
   1.0199999772012234       -9.3732670797010517E-002  0.15230827954601078        1.9570991880566713     
   1.0399999767541885       -9.0227419461742842E-002  0.17526257068080739        1.9589339359353628     
   1.0599999763071537       -8.6280202883743259E-002  0.19736083331133758        1.9609340177060139     
   1.0799999758601189       -8.1910306797178256E-002  0.21849480921198994        1.9630603675088603     
   1.0999999754130840       -7.7139089777700204E-002  0.23856085630615295        1.9652714314202153     
   1.1199999749660492       -7.1989880659467126E-002  0.25746046166634351        1.9675239761955179     
   1.1399999745190144       -6.6487866105115950E-002  0.27510073386653966        1.9697739325505317     
   1.1599999740719795       -6.0659968798418722E-002  0.29139487184804425        1.9719772566942526     
   1.1799999736249447       -5.4534716787393404E-002  0.30626260739676853        1.9740907933228165     
   1.1999999731779099       -4.8142104564143695E-002  0.31963061830678641        1.9760731231024371     
   1.2199999727308750       -4.1513446525719880E-002  0.33143290932929376        1.9778853778265539     
   1.2399999722838402       -3.4681223516772143E-002  0.34161115808299120        1.9794920069362836     
   1.2599999718368053       -2.7678923208590833E-002  0.35011502323474614        1.9808614799442110     
   1.2799999713897705       -2.0540875119150554E-002  0.35690241244940457        1.9819669104908584     
   1.2999999709427357       -1.3302081123874175E-002  0.36193970785380186        1.9827865892726795     
   1.3199999704957008       -5.9980423459499834E-003  0.36520194705910919        1.9833044148826289     
   1.3399999700486660        1.3354166527790442E-003  0.36667295813223066        1.9835102136625307     
   1.3599999696016312        8.6623254348833084E-003  0.36634544729367202        1.9833999419356800     
   1.3799999691545963        1.5946746042805486E-002  0.36422103853708354        1.9829757664163490     
   1.3999999687075615        2.3152951177818137E-002  0.36031026480419448        1.9822460211226467     
   1.4199999682605267        3.0245601235222481E-002  0.35463251079687153        1.9812250416896184     
   1.4399999678134918        3.7189919239083435E-002  0.34721590795392809        1.9799328805280929     
   1.4599999673664570        4.3951862738993007E-002  0.33809718255253945        1.9783949087400350     
   1.4799999669194221        5.0498291758703448E-002  0.32732145830172688        1.9766413130242926     
   1.4999999664723873        5.6797131921282135E-002  0.31494201516843695        1.9747064979337940     
   1.5199999660253525        6.2817531916851466E-002  0.30102000650678767        1.9726284057292196     
   1.5399999655783176        6.8530014525995442E-002  0.28562413684139554        1.9704477676756385     
   1.5599999651312828        7.3906620463452727E-002  0.26883030288168969        1.9682073019171915     
   1.5799999646842480        7.8921044361637979E-002  0.25072120051331848        1.9659508740196117     
   1.5999999642372131        8.3548762270699684E-002  0.23138590062496303        1.9637226368797194     
   1.6199999637901783        8.7767150110133654E-002  0.21091939668611454        1.9615661669626163     
   1.6399999633431435        9.1555592565409821E-002  0.18942212699772257        1.9595236137471301     
   1.6599999628961086        9.4895581980735236E-002  0.16699947449899971        1.9576348788515812     
   1.6799999624490738        9.7770806855219106E-002  0.14376124693750753        1.9559368405947921     
   1.6999999620020390       0.10016722960374587       0.11982114010454958        1.9544626387460111     
   1.7199999615550041       0.10207315329540920        9.5296186713201919E-002   1.9532410329603223     
   1.7399999611079693       0.10347927713121356        7.0306193361684158E-002   1.9522958469138316     
   1.7599999606609344       0.10437874046890411        4.4973167889755680E-002   1.9516455084774529     
   1.7799999602138996       0.10476715524641064        1.9420739309413938E-002   1.9513026944321121     
   1.7999999597668648       0.10464262669682295       -6.2264276185560984E-003   1.9512740862641353     
   1.8199999593198299       0.10400576228752013       -3.1843221176892297E-002   1.9515602415195172     
   1.8399999588727951       0.10285966885463121       -5.7304672925304986E-002   1.9521555830712769     
   1.8599999584257603       0.10120993794204985       -8.2486547472785790E-002   1.9530485064961232     
   1.8799999579787254        9.9064619392435438E-002 -0.10726592987830108        1.9542216035958868     
   1.8999999575316906        9.6434183276669264E-002 -0.13152180872805014        1.9556519979663305     
   1.9199999570846558        9.3331470288711721E-002 -0.15513565286542902        1.9573117864418927     
   1.9399999566376209        8.9771630775251632E-002 -0.17799197965143532        1.9591685782611095     
   1.9599999561905861        8.5772052614359384E-002 -0.19997891251448965        1.9611861219358391     
   1.9799999557435513        8.1352278204809267E-002 -0.22098872541698908        1.9633250081004447     
   1.9999999552965164        7.6533910877909950E-002 -0.24091837172991137        1.9655434350973877     
   2.0199999548494816        7.1340511096476017E-002 -0.25966999487577347        1.9677980227554397     
   2.0399999544024467        6.5797482860695033E-002 -0.27715141798386628        1.9700446587669065     
   2.0599999539554119        5.9931950797609795E-002 -0.29327660970950492        1.9722393612996676     
   2.0799999535083771        5.3772628469079729E-002 -0.30796612331008272        1.9743391410137365     
   2.0999999530613422        4.7349678491582219E-002 -0.32114750605308168        1.9763028455111813     
   2.1199999526143074        4.0694565119103326E-002 -0.33275567606161360        1.9780919694471437     
   2.1399999521672726        3.3839899996585002E-002 -0.34273326378660163        1.9796714140759051     
   2.1599999517202377        2.6819281844818705E-002 -0.35103091543446724        1.9810101808985920     
   2.1799999512732029        1.9667130887159424E-002 -0.35760755587611576        1.9820819853084124     
   2.1999999508261681        1.2418518872861901E-002 -0.36243060881583156        1.9828657776760261     
   2.2199999503791332        5.1089955901650243E-003 -0.36547617230387286        1.9833461611530090     
   2.2399999499320984       -2.2255872064629667E-003 -0.36672914802843476        1.9835136975577463     
   2.2599999494850636       -9.5492535070389913E-003 -0.36618332321363628        1.9833650949994572     
   2.2799999490380287       -1.6826081431810407E-002 -0.36384140437105983        1.9829032733397836     
   2.2999999485909939       -2.4020381322858234E-002 -0.35971500259264821        1.9821373061293934     
   2.3199999481439590       -3.1096872575109270E-002 -0.35382457052114719        1.9810822402281394     
   2.3399999476969242       -3.8020858251928594E-002 -0.34619929157912332        1.9797587968591046     
   2.3599999472498894       -4.4758396550680819E-002 -0.33687692246739714        1.9781929602978865     
   2.3799999468028545       -5.1276468211943559E-002 -0.32590359034764993        1.9764154627006021     
   2.3999999463558197       -5.7543139001717064E-002 -0.31333354649222567        1.9744611756741073     
   2.4199999459087849       -6.3527716438120940E-002 -0.29922887850848057        1.9723684210435424     
   2.4399999454617500       -6.9200899981695110E-002 -0.28365918351898523        1.9701782148372504     
   2.4599999450147152       -7.4534923960431793E-002 -0.26670120489807031        1.9679334597581155     
   2.4799999445676804       -7.9503692555920269E-002 -0.24843843532745558        1.9656781023236021     
   2.4999999441206455       -8.4082906234348678E-002 -0.22896068903909061        1.9634562714238644     
   2.5199999436736107       -8.8250179064485790E-002 -0.20836364616414593        1.9613114152669460     
   2.5399999432265759       -9.1985146423155514E-002 -0.18674837210763753        1.9592854535592068     
   2.5599999427795410       -9.5269562646234429E-002 -0.16422081482456716        1.9574179613220464     
   2.5799999423325062       -9.8087388239117348E-002 -0.14089128279331178        1.9557453999929362     
   2.5999999418854713      -0.10042486631435084      -0.11687390637400986        1.9543004104249515     
   2.6199999414384365      -0.10227058797536123       -9.2286085113274616E-002   1.9531111811128754     
   2.6399999409914017      -0.10361554641372683       -6.7247923421387967E-002   1.9522009034664902     
   2.6599999405443668      -0.10445317953327808       -4.1881656913690363E-002   1.9515873242550046     
   2.6799999400973320      -0.10477940095764827       -1.6311071583090506E-002   1.9512824034932861     
   2.6999999396502972      -0.10459261931909128        9.3390821365942345E-003   1.9512920840631482     
   2.7199999392032623      -0.10389374576591674        3.4943678439779101E-002   1.9516161772934233     
   2.7399999387562275      -0.10268618966435047        6.0377806427862675E-002   1.9522483665923094     
   2.7599999383091927      -0.10097584250865742        8.5517359696114931E-002   1.9531763290655653     
   2.7799999378621578       -9.8771050091639417E-002  0.11023962331494727        1.9543819728950851     
   2.7999999374151230       -9.6082573026800164E-002  0.13442385624656997        1.9558417861250263     
   2.8199999369680882       -9.2923535754159403E-002  0.15795186716253756        1.9575272904378787     
   2.8399999365210533       -8.9309364204413336E-002  0.18070858152645464        1.9594055915321527     
   2.8599999360740185       -8.5257712341267458E-002  0.20258259768536777        1.9614400158687810     
   2.8799999356269836       -8.0788377849550744E-002  0.22346672958070665        1.9635908218673455     
   2.8999999351799488       -7.5923207287221017E-002  0.24325853355373853        1.9658159721384698     
   2.9199999347329140       -7.0685991072467064E-002  0.26186081659074323        1.9680719520672416     
   2.9399999342858791       -6.5102348732487839E-002  0.27918212323916813        1.9703146190451208     
   2.9599999338388443       -5.9199604897676339E-002  0.29513719833740559        1.9725000659128813     
   2.9799999333918095       -5.3006656583169734E-002  0.30964742264648953        1.9745854817495188     
   2.9999999329447746       -4.6553832358204067E-002  0.32264121845987637        1.9765299930417457     
   3.0199999324977398       -3.9872744061455863E-002  0.33405442230410826        1.9782954685095318     
   3.0399999320507050       -3.2996131776492306E-002  0.34383062193339115        1.9798472714515913     
   3.0599999316036701       -2.5957702834457357E-002  0.35192145496780497        1.9811549444089205     
   3.0799999311566353       -1.8791965660050286E-002  0.35828686672868898        1.9821928122135508     
   3.0999999307096004       -1.1534059320594189E-002  0.36289532508414740        1.9829404910730954     
   3.1199999302625656       -4.2195796755093466E-003  0.36572399042881032        1.9833832932097066     
   3.1399999298155308        3.1155969461176347E-003  0.36675883927904795        1.9835125186858784     
   3.1599999293684959        1.0435491589704689E-002  0.36599474035997265        1.9833256283623462     
   3.1799999289214611        1.7704201076923713E-002  0.36343548248436724        1.9828262943916581     
   3.1999999284744263        2.4886075995707396E-002  0.35909375396555493        1.9820243271963449     
   3.2199999280273914        3.1945897313004082E-002  0.35299107375479971        1.9809354804514820     
   3.2399999275803566        3.8849050657455565E-002  0.34515767493744931        1.9795811381254227     
   3.2599999271333218        4.5561697340401462E-002  0.33563234164926226        1.9779878900684829     
   3.2799999266862869        5.2050941212844488E-002  0.32446220087444655        1.9761870049196402     
   3.2999999262392521        5.8284990492508154E-002  0.31170247095027659        1.9742138111735321     
   3.3199999257922173        6.4233313737986325E-002  0.29741616892167821        1.9721069990687026     
   3.3399999253451824        6.9866789195201701E-002  0.28167377915666814        1.9699078574860578     
   3.3599999248981476        7.5157846793854996E-002  0.26455288584588227        1.9676594612555633     
   3.3799999244511127        8.0080602127117387E-002  0.24613777216472765        1.9654058251408653     
   3.3999999240040779        8.4610981805361377E-002  0.22651898897529357        1.9631910412962996     
   3.4199999235570431        8.8726839633156793E-002  0.20579289598960041        1.9610584171685852     
   3.4399999231100082        9.2408063117086894E-002  0.18406117831059288        1.9590496306541207     
   3.4599999226629734        9.5636669869298266E-002  0.16143034121881766        1.9572039188374135     
   3.4799999222159386        9.8396893527376794E-002  0.13801118598871673        1.9555573158476496     
   3.4999999217689037       0.10067525886460603       0.11391826940773356        1.9541419543043601     
   3.5199999213218689       0.10246064581556820        8.9269349543434129E-002   1.9529854435085032     
   3.5399999208748341       0.10374434219024051        6.4184820168258008E-002   1.9521103360031331     
   3.5599999204277992       0.10452008489525709        3.8787136117788910E-002   1.9515336924104079     
   3.5799999199807644       0.10478408952406365        1.3200231735376228E-002   1.9512667525816256     
   3.5999999195337296       0.10453506821865648       -1.2451065548661971E-002   1.9513147191066877     
   3.6199999190866947       0.10377423574496769       -3.8041624534735745E-002   1.9516766571508299     
   3.6399999186396599       0.10250530376232900       -6.3446600550076476E-002   1.9523455124509890     
   3.6599999181926250       0.10073446330546909       -8.8542024822063678E-002   1.9533082471427134     
   3.6799999177455902        9.8470355535850609E-002 -0.11320539101126176        1.9545460909317105     
   3.6999999172985554        9.5724030858484757E-002 -0.13731623693754963        1.9560349030026782     
   3.7199999168515205        9.2508896541272173E-002 -0.16075671945382200        1.9577456380030240     
   3.7399999164044857        8.8840653016908133E-002 -0.18341218031778378        1.9596449074819478     
   3.7599999159574509        8.4737219092832314E-002 -0.20517170078973571        1.9616956263382768     
   3.7799999155104160        8.0218646342816016E-002 -0.22592864255071385        1.9638577321659525     
   3.7999999150633812        7.5307023004605705E-002 -0.24558117239968252        1.9660889639166679     
   3.8199999146163464        7.0026367761435060E-002 -0.26403276806012471        1.9683456850569316     
   3.8399999141693115        6.4402513840837991E-002 -0.28119270231500026        1.9705837354122460     
   3.8599999137222767        5.8462983921514368E-002 -0.29697650260412334        1.9727592951922108     
   3.8799999132752419        5.2236856397311404E-002 -0.31130638316838821        1.9748297443015410     
   3.8999999128282070        4.5754623605825787E-002 -0.32411164681874061        1.9767544999824462     
   3.9199999123811722        3.9048042686715384E-002 -0.33532905345070857        1.9784958161166630     
   3.9399999119341373        3.2149979790453490E-002 -0.34490315252228088        1.9800195281460984     
   3.9599999114871025        2.5094248410830407E-002 -0.35278657686654863        1.9812957285466624     
   3.9799999110400677        1.7915442662864781E-002 -0.35894029542122213        1.9822993590983380     
   3.9999999105930328        1.0648766370826283E-002 -0.36333382272306869        1.9830107078142665     
   4.0199999101459980        3.3298588677680516E-003 -0.36594538333242832        1.9834158002917370     
   4.0399999096989632       -4.0053815625785147E-003 -0.36676202971509853        1.9835066773885712     
   4.0599999092519283       -1.1320975649222702E-002 -0.36577971250802305        1.9832815534618273     
   4.0799999088048935       -1.8581041537383630E-002 -0.36300330252180257        1.9827448518778488     
   4.0999999083578587       -2.5749972662672524E-002 -0.35844656427634980        1.9819071170544242     
   4.1199999079108238       -3.2792614131549346E-002 -0.35213208131460638        1.9807848048655643     
   4.1399999074637890       -3.9674436657358113E-002 -0.34409113398147445        1.9793999557646789     
   4.1599999070167542       -4.6361707123478035E-002 -0.33436353077960335        1.9777797574020515     
   4.1799999065697193       -5.2821654875282675E-002 -0.32299739480978634        1.9759560057702019     
   4.1999999061226845       -5.9022632879920350E-002 -0.31004890716201688        1.9739644759544428     
   4.2199999056756496       -6.4934272936502432E-002 -0.29558200943587687        1.9718442153511666     
   4.2399999052286148       -7.0527634168079278E-002 -0.27966806782991060        1.9696367737069695     
   4.2599999047815800       -7.5775344079686210E-002 -0.26238550144511980        1.9673853855007208     
   4.2799999043345451       -8.0651731522611861E-002 -0.24381937759607022        1.9651341210204782     
   4.2999999038875103       -8.5132950962747894E-002 -0.22406097701495509        1.9629270229697395     
   4.3199999034404755       -8.9197097509349121E-002 -0.20320733187209883        1.9608072455735608     
   4.3399999029934406       -9.2824312218786426E-002 -0.18136073952559356        1.9588162129534885     
   4.3599999025464058       -9.5996877245064879E-002 -0.15862825485954074        1.9569928130168222     
   4.3799999020993710       -9.8699300464313661E-002 -0.13512116398263257        1.9553726422821092     
   4.3999999016523361      -0.10091838925362248      -0.11095444194546643        1.9539873159649364     
   4.4199999012053013      -0.10264331315517849       -8.6246197005553318E-002   1.9528638563053877     
   4.4399999007582664      -0.10386565520451954       -6.1117103833126254E-002   1.9520241705621542     
   4.4599999003112316      -0.10457945174692435       -3.5689827917970082E-002   1.9514846283606084     
   4.4799998998641968      -0.10478122060874016       -1.0088443316285195E-002   1.9512557461957878     
   4.4999998994171619      -0.10446997753119107        1.5562154225296044E-002   1.9513419848885287     
   4.5199998989701271      -0.10364724081342565        4.1136836807750966E-002   1.9517416637058704     
   4.5399998985230923      -0.10231702414985534        6.6510834665148150E-002   1.9524469927165899     
   4.5599998980760574      -0.10048581768486166        9.1560325296216757E-002   1.9534442227901803     
   4.5799998976290226       -9.8162557346386028E-002  0.11616301952022745        1.9547139104934432     
   4.5999998971819878       -9.5358582559409683E-002  0.14019874248250369        1.9562312930238037     
   4.6199998967349529       -9.2087582481469227E-002  0.16355000755265017        1.9579667662735958     
   4.6399998962879181       -8.8365530945623730E-002  0.18610258095199181        1.9598864571765104     
   4.6599998958408833       -8.4210610342046799E-002  0.20774603482233198        1.9619528796782972     
   4.6799998953938484       -7.9643124717860850E-002  0.22837428631386028        1.9641256620312491     
   4.6999998949468136       -7.4685402425979541E-002  0.24788612013475192        1.9663623316685082     
   4.7199998944997787       -6.9361688707410024E-002  0.26618569187818991        1.9686191427016639     
   4.7399998940527439       -6.3698028647325058E-002  0.28318300933388180        1.9708519301337550     
   4.7599998936057091       -5.7722141002695515E-002  0.29879438891005217        1.9730169742173647     
   4.7799998931586742       -5.1463283457649708E-002  0.31294288424710887        1.9750718580376645     
   4.7999998927116394       -4.4952109921118942E-002  0.32555868410334210        1.9769763013817621     
   4.8199998922646046       -3.8220520538735987E-002  0.33657947664228516        1.9786929542805978     
   4.8399998918175697       -3.1301505146285685E-002  0.34595077735511748        1.9801881342825016     
   4.8599998913705349       -2.4228980944127607E-002  0.35362621801206595        1.9814324925343656     
   4.8799998909235001       -1.7037625219780871E-002  0.35956779425430324        1.9824015950939611     
   4.8999998904764652       -9.7627039881831475E-003  0.36374606971024448        1.9830764075525333     
   4.9199998900294304       -2.4398974549988987E-003  0.36614033484308667        1.9834436729783644     
   4.9399998895823956        4.8948767631265553E-003  0.36673871910352185        1.9834961753587039     
   4.9599998891353607        1.2205641707009534E-002  0.36553825536456563        1.9832328830707264     
   4.9799998886883259        1.9456539465832222E-002  0.36254489604464440        1.9826589693971446     
   4.9999998882412910        2.6612008921288004E-002  0.35777348076964960        1.9817857096593738     
   5.0199998877942562        3.3636961881730300E-002  0.35124765587311180        1.9806302571087855     
   5.0399998873472214        4.0496956657883942E-002  0.34299974647432391        1.9792153022323071     
   5.0599998869001865        4.7158368154906510E-002  0.33307058229583619        1.9775686225319655     
   5.0799998864531517        5.3588553586655555E-002  0.32150927877374452        1.9757225320723428     
   5.0999998860061169        5.9756012956148692E-002  0.30837297536733005        1.9737132421044621     
   5.1199998855590820        6.5630543490467555E-002  0.29372653328124304        1.9715801458258435     
   5.1399998851120472        7.1183387267708453E-002  0.27764219506783128        1.9693650417892934     
   5.1599998846650124        7.6387371326906442E-002  0.26019920877580488        1.9671113116015360     
   5.1799998842179775        8.1217039608011965E-002  0.24148341945285109        1.9648630683407500     
   5.1999998837709427        8.5648776126854093E-002  0.22158683089495790        1.9626642925623574     
   5.2199998833239079        8.9660918848518012E-002  0.20060714056711493        1.9605579728568916     
   5.2399998828768730        9.3233863780731299E-002  0.17864725060374143        1.9585852676821442     
   5.2599998824298382        9.6350158865863428E-002  0.15581475773933751        1.9567847046306908     
   5.2799998819828033        9.8994587305326218E-002  0.13222142492851882        1.9551914324355235     
   5.2999998815357685       0.10115424000302994       0.10798263729878660        1.9538365398873903     
   5.3199998810887337       0.10281857686480229        8.3216844948659011E-002   1.9527464544670783     
   5.3399998806416988       0.10397947673821026        5.8044994967804922E-002   1.9519424319157928     
   5.3599998801946640       0.10463127582211955        3.2589954923907018E-002   1.9514401462093141     
   5.3799998797476292       0.10477079441783574        6.9759299417336690E-003   1.9512493874994064     
   5.3999998793005943       0.10439735193419894       -1.8672124599194782E-002   1.9513738735713362     
   5.4199998788535595       0.10351277009807409       -4.4229092794839359E-002   1.9518111782711085     
   5.4399998784065247       0.10212136435990332       -6.9570288463555438E-002   1.9525527782114445     
   5.4599998779594898       0.10022992352202741       -9.4572044007645573E-002   1.9535842169023481     
   5.4799998775124550        9.7847677656013904E-002 -0.11911229596304240        1.9548853833010820     
   5.4999998770654202        9.4986254414892834E-002 -0.14307116525394292        1.9564308996681516     
   5.5199998766183853        9.1659623887574274E-002 -0.16633153008372739        1.9581906115816952     
   5.5399998761713505        8.7884032186278022E-002 -0.18877958928436520        1.9601301710341581     
   5.5599998757243156        8.3677924003882270E-002 -0.21030541382047982        1.9622117017444825     
   5.5799998752772808        7.9061854426872358E-002 -0.23080348400935555        1.9643945341989388     
   5.5999998748302460        7.4058390341040614E-002 -0.25017320988339442        1.9666359965165388     
   5.6199998743832111        6.8692001821060542E-002 -0.26831943199641040        1.9688922460525660     
   5.6399998739361763        6.2988943951147028E-002 -0.28515289986933956        1.9711191257360305     
   5.6599998734891415        5.6977129581645268E-002 -0.30059072519381413        1.9732730285111875     
   5.6799998730421066        5.0685993584818803E-002 -0.31455680687221577        1.9753117529427733     
   5.6999998725950718        4.4146349231435865E-002 -0.32698222497776924        1.9771953330672556     
   5.7199998721480370        3.7390237366968247E-002 -0.33780560077392457        1.9788868259394399     
   5.7399998717010021        3.0450769121220640E-002 -0.34697342004284071        1.9803530410387800     
   5.7599998712539673        2.3361962936861637E-002 -0.35444031714030871        1.9815651967575965     
   5.7799998708069324        1.6158576749493669E-002 -0.36016931741880986        1.9824994905797722     
   5.7999998703598976        8.8759361934891215E-003 -0.36413203593921267        1.9831375712494719     
   5.8199998699128628        1.5497597428360665E-003 -0.36630883072029313        1.9834669031918619     
   5.8399998694658279       -5.7840182761848104E-003 -0.36668890914717966        1.9834810156398917     
   5.8599998690187931       -1.3089425844227382E-002 -0.36527038656655797        1.9831796312934680     
   5.8799998685717583       -2.0330631612936446E-002 -0.36206029652813154        1.9825686718343329     
   5.8999998681247234       -2.7472122504861484E-002 -0.35707455257749010        1.9816601401818144     
   5.9199998676776886       -3.4478879587321411E-002 -0.35033786195365774        1.9804718819392602     
   5.9399998672306538       -4.1316551274158460E-002 -0.34188359198354634        1.9790272309862160     
   5.9599998667836189       -4.7951622933534666E-002 -0.33175359038408070        1.9773545465571674     
   5.9799998663365841       -5.4351582011894620E-002 -0.31999796107050932        1.9754866513579243     
   5.9999998658895493       -6.0485077823145925E-002 -0.30667479741728110        1.9734601822555067     
   6.0199998654425144       -6.6322075197047442E-002 -0.29184987521842859        1.9713148667940705     
   6.0399998649954796       -7.1834001230689906E-002 -0.27559630784218064        1.9690927402040865     
   6.0599998645484447       -7.6993884440681698E-002 -0.25799416626620852        1.9668373186598882     
   6.0799998641014099       -8.1776485670070426E-002 -0.23913006681441012        1.9645927452866474     
   6.0999998636543751       -8.6158420162018939E-002 -0.21909672949461911        1.9624029258159099     
   6.1199998632073402       -9.0118270270756987E-002 -0.19799250986237960        1.9603106708418376     
   6.1399998627603054       -9.3636688338397819E-002 -0.17592090731418050        1.9583568613489066     
   6.1599998623132706       -9.6696489323029447E-002 -0.15299005265117571        1.9565796535833599     
   6.1799998618662357       -9.9282732818414682E-002 -0.12931217765961411        1.9550137384479855     
   6.1999998614192009      -0.10138279415819607      -0.10500306933607062        1.9536896694397814     
   6.2199998609721661      -0.10298642434742598       -8.0181511253692161E-002   1.9526332717525479     
   6.2399998605251312      -0.10408579861144697       -5.4968714429695628E-002   1.9518651435630945     
   6.2599998600780964      -0.10467555339673568       -2.9487739923537881E-002   1.9514002587429871     
   6.2799998596310616      -0.10475281170056888       -3.8629152780030075E-003   1.9512476783201924     
   6.2999998591840267      -0.10431719664669058        2.1780753180752930E-002   1.9514103759888906     
   6.3199998587369919      -0.10337083326309297        4.7318170237523965E-002   1.9518851808628468     
   6.3399998582899570      -0.10191833845619012        7.2624741968431605E-002   1.9526628385192357     
   6.3599998578429222       -9.9966799213727794E-002   9.7576964304131916E-002   1.9537281892164946     
   6.3799998573958874       -9.7525739107407083E-002  0.12205300804413280        1.9550604600222972     
   6.3999998569488525       -9.4607073206041989E-002  0.14593329833011814        1.9566336654868268     
   6.4199998565018177       -9.1225051551685879E-002  0.16910108649750943        1.9584171094734575     
   6.4399998560547829       -8.7396191395009079E-002  0.19144301211292458        1.9603759788454305     
   6.4599998556077480       -8.3139198432607503E-002  0.21284965287763899        1.9624720179354185     
   6.4799998551607132       -7.8474877338027535E-002  0.23321605994178385        1.9646642711276707     
   6.4999998547136784       -7.3426031930080030E-002  0.25244227603989977        1.9669098794920663     
   6.5199998542666435       -6.8017355376269933E-002  0.27043383373517182        1.9691649162575542     
   6.5399998538196087       -6.2275310885477497E-002  0.28710223095685661        1.9713852450287994     
   6.5599998533725739       -5.6228003401798052E-002  0.30236538094236504        1.9735273840612726     
   6.5799998529255390       -4.9905042869913326E-002  0.31614803366069566        1.9755493596391387     
   6.5999998524785042       -4.3337399700616980E-002  0.32838216580473073        1.9774115316642762     
   6.6199998520314693       -3.6557253122123601E-002  0.33900733650207338        1.9790773749739938     
   6.6399998515844345       -2.9597833157448513E-002  0.34797100601151243        1.9805142006620853     
   6.6599998511373997       -2.2493257019314677E-002  0.35522881484667457        1.9816938027765347     
   6.6799998506903648       -1.5278360760588978E-002  0.36074482099956007        1.9825930171919690     
   6.6999998502433300       -7.9885270590933262E-003  0.36449169322180680        1.9831941811808222     
   6.7199998497962952       -6.5951004979274575E-004  0.36645085865584398        1.9834854841998844     
   6.7399998493492603        6.6727418560131183E-003  0.36661260348472346        1.9834612026255949     
   6.7599998489022255        1.3972264206450567E-002  0.36497612567972448        1.9831218135619400     
   6.7799998484551907        2.1203254832001091E-002  0.36154953935878820        1.9824739853529014     
   6.7999998480081558        2.8330251287008560E-002  0.35634983071541293        1.9815304449969409     
   6.8199998475611210        3.5318306449318701E-002  0.34940276592526753        1.9803097252217206     
   6.8399998471140862        4.2133161334491645E-002  0.34074275187484104        1.9788357964711738     
   6.8599998466670513        4.8741414206221377E-002  0.33041265097178490        1.9771375914243550     
   6.8799998462200165        5.5110685097456376E-002  0.31846355167996498        1.9752484318509540     
   6.8999998457729816        6.1209774896425616E-002  0.30495449676472614        1.9732053695626897     
   6.9199998453259468        6.7008818197372463E-002  0.28995217152827868        1.9710484549014868     
   6.9399998448789120        7.2479429166219231E-002  0.27353055455622294        1.9688199475814545     
   6.9599998444318771        7.7594839725500561E-002  0.25577053368098318        1.9665634857487553     
   6.9799998439848423        8.2330029419571210E-002  0.23675948999551980        1.9643232298272844     
   6.9999998435378075        8.6661846379198659E-002  0.21659085282255500        1.9621429980739815     
   7.0199998430907726        9.0569118863148793E-002  0.19536362856422398        1.9600654107793132     
   7.0399998426437378        9.4032756912330248E-002  0.17318190632999014        1.9581310597275496     
   7.0599998421967030        9.7035843708684053E-002  0.15015434317390103        1.9563777188959881     
   7.0799998417496681        9.9563716285664294E-002  0.12639363167413009        1.9548396114456077     
   7.0999998413026333       0.10160403528940823       0.10201595246743084        1.9535467468651728     
   7.1199998408555984       0.10314684353928870        7.7140414218246342E-002   1.9525243407065969     
   7.1399998404085636       0.10418461318342041        5.1888483366383499E-002   1.9517923277232376     
   7.1599998399615288       0.10471228128897747        2.6383405867567836E-002   1.9513649774272179     
   7.1799998395144939       0.10472727374916636        7.4962302620012675E-004   1.9512506191494170     
   7.1999998390674591       0.10422951742882022       -2.4887816573592816E-002   1.9514514816486899     
   7.2199998386204243       0.10322144050938632       -5.0403847098309057E-002   1.9519636502068014     
   7.2399998381733894       0.10170796103219665       -7.5673975550928682E-002   1.9527771419936415     
   7.2599998377263546        9.9696463677009739E-002 -0.10057487000736885        1.9538760983242494     
   7.2799998372793198        9.7196764851559647E-002 -0.12498494406613569        1.9552390902856864     
   7.2999998368322849        9.4221066207877166E-002 -0.14878493550972641        1.9568395321186847     
   7.3199998363852501        9.0783896743012488E-002 -0.17185847708457000        1.9586461947274758     
   7.3399998359382153        8.6902043685930908E-002 -0.19409265719238789        1.9606238097932076     
   7.3599998354911804        8.2594472419074735E-002 -0.21537856815689493        1.9627337532140559     
   7.3799998350441456        7.7882235732520497E-002 -0.23561183959404697        1.9649347950213498     
   7.3999998345971107        7.2788372760762790E-002 -0.25469315428072126        1.9671839015579287     
   7.4199998341500759        6.7337798006684685E-002 -0.27252874379539765        1.9694370745841197     
   7.4399998337030411        6.1557180913797124E-002 -0.28903086110472126        1.9716502111274936     
   7.4599998332560062        5.5474816505728719E-002 -0.30411822720099224        1.9737799673414500     
   7.4799998328089714        4.9120487670438452E-002 -0.31771644886602951        1.9757846094066016     
   7.4999998323619366        4.2525319724779340E-002 -0.32975840465363038        1.9776248346144323     
   7.5199998319149017        3.5721627951822696E-002 -0.34018459625155045        1.9792645462241498     
   7.5399998314678669        2.8742758857648442E-002 -0.34894346250820685        1.9806715664827086     
   7.5599998310208321        2.1622925944974648E-002 -0.35599165359072327        1.9818182733372318     
   7.5799998305737972        1.4397040846909511E-002 -0.36129426297881295        1.9826821478319070     
   7.5999998301267624        7.1005407041908209E-003 -0.36482501529040906        1.9832462209416868     
   7.6199998296797276       -2.3078729743740683E-004 -0.36656640827480907        1.9834994106174424     
   7.6399998292326927       -7.5609832874008048E-003 -0.36650980769030250        1.9834367420578289     
   7.6599998287856579       -1.4854093008326902E-002 -0.36465549419699034        1.9830594466309668     
   7.6799998283386230       -2.2074346083573615E-002 -0.36101266183159753        1.9823749373873718     
   7.6999998278915882       -2.9186333286176418E-002 -0.35559936807840531        1.9813966616738707     
   7.7199998274445534       -3.6155181850358278E-002 -0.34844243599738844        1.9801438339141049     
   7.7399998269975185       -4.2946727884668377E-002 -0.33957730930564928        1.9786410541029047     
   7.7599998265504837       -4.9527684971976925E-002 -0.32904786172022032        1.9769178199099162     
   7.7799998261034489       -5.5865808075291894E-002 -0.31690616224915324        1.9750079424477285     
   7.7999998256564140       -6.1930051908841648E-002 -0.30321219845480835        1.9729488776830733     
   7.8199998252093792       -6.7690722980109322E-002 -0.28803356000143554        1.9707809871158264     
   7.8399998247623444       -7.3119624559434382E-002 -0.27144508503352327        1.9685467426878178     
   7.8599998243153095       -7.8190193888282536E-002 -0.25352847210921048        1.9662898918894045     
   7.8799998238682747       -8.2877630994185547E-002 -0.23437186053377024        1.9640545996934795     
   7.8999998234212399       -8.7159018538558661E-002 -0.21406938200347933        1.9618845842603450     
   7.9199998229742050       -9.1013432182083104E-002 -0.19272068648386528        1.9598222633274689     
   7.9399998225271702       -9.4422041010175345E-002 -0.17043044521402900        1.9579079278379952     
   7.9599998220801353       -9.7368197617477753E-002 -0.14730783365770700        1.9561789586897038     
   7.9799998216331005       -9.9837517504692386E-002 -0.12346599712041141        1.9546691015259519     
   7.9999998211860657      -0.10181794749301884       -9.9021501629625946E-002   1.9534078132696084     
   8.0199998207390308      -0.10329982291072207       -7.4093772541285935E-002   1.9524196926505986     
   8.0399998202919960      -0.10427591335290909       -4.8804523200217401E-002   1.9517240053292184     
   8.0599998198449612      -0.10474145685958265       -2.3277175853963297E-002   1.9513343124034643     
   8.0799998193979263      -0.10469418239877365        2.3637230932837469E-003   1.9512582091417718     
   8.0999998189508915      -0.10413432058148571        2.7993091490091250E-002   1.9514971787349296     
   8.1199998185038567      -0.10306460257387293        5.3485901576142525E-002   1.9520465637441458     
   8.1399998180568218      -0.10149024721015124        7.8717769945564078E-002   1.9528956557673329     
   8.1599998176097870       -9.9418936347885872E-002  0.10356554542813834        1.9540279016833755     
   8.1799998171627522       -9.6860778546168119E-002  0.12790789294485197        1.9554212226951280     
   8.1999998167157173       -9.3828261187418563E-002  0.15162587132657990        1.9570484403069879     
   8.2199998162686825       -9.0336191205673946E-002  0.17460350298992319        1.9588778013734518     
   8.2399998158216476       -8.6401624628656762E-002  0.19672833324808003        1.9608735924729950     
   8.2599998153746128       -8.2043785187974339E-002  0.21789197690438630        1.9629968321292515     
   8.2799998149275780       -7.7283972301559714E-002  0.23799064964023667        1.9652060278515200     
   8.2999998144805431       -7.2145458784880087E-002  0.25692568157671813        1.9674579836312929     
   8.3199998140335083       -6.6653378702235949E-002  0.27460401027008452        1.9697086424420924     
   8.3399998135864735       -6.0834605826200101E-002  0.29093865030477789        1.9719139474755303     
   8.3599998131394386       -5.4717623231261225E-002  0.30584913658320456        1.9740307053331394     
   8.3799998126924038       -4.8332384606239481E-002  0.31926193838714773        1.9760174342025700     
   8.3999998122453690       -4.1710167928087218E-002  0.33111084130851731        1.9778351801938285     
   8.4199998117983341       -3.4883422196228343E-002  0.34133729422242670        1.9794482855049940     
   8.4399998113512993       -2.7885607980506461E-002  0.34989071860676119        1.9808250929277296     
   8.4599998109042645       -2.0751032585961671E-002  0.35672877770074896        1.9819385723825145     
   8.4799998104572296       -1.3514680682914320E-002  0.36181760323962120        1.9827668566740422     
   8.4999998100101948       -6.2120412901399804E-003  0.36513197780005269        1.9832936754513404     
   8.5199998095631599        1.1210679686795314E-003  0.36665547113636399        1.9835086784084799     
   8.5399998091161251        8.4486783903570326E-003  0.36638052927311809        1.9834076410254802     
   8.5599998086690903        1.5734848538233672E-002  0.36430851553676186        1.9829925485733955     
   8.5799998082220554        2.2943842440040593E-002  0.36044970314702479        1.9822715566352578     
   8.5999998077750206        3.0040306670156107E-002  0.35482321943669259        1.9812588289646449     
   8.6199998073279858        3.6989445359120583E-002  0.34745694221449164        1.9799742560538209     
   8.6399998068809509        4.3757192192221836E-002  0.33838734921860925        1.9784430602519056     
   8.6599998064339161        5.0310378486083669E-002  0.32765932201684816        1.9766952956016264     
   8.6799998059868813        5.6616896466794291E-002  0.31532590608361422        1.9747652526967878     
   8.6999998055398464        6.2645856914343379E-002  0.30144802911534269        1.9726907807542760     
   8.7199998050928116        6.8367740385006107E-002  0.28609417992783964        1.9705125407046122     
   8.7399998046457767        7.3754541274734547E-002  0.26934005050664128        1.9682732044031392     
   8.7599998041987419        7.8779904041456225E-002  0.25126814395236424        1.9660166160285997     
   8.7799998037517071        8.3419250961296321E-002  0.23196735117687897        1.9637869323553880     
   8.7999998033046722        8.7649900852032642E-002  0.21153249926493553        1.9616277588574482     
   8.8199998028576374        9.1451178255540166E-002  0.19006387442363470        1.9595812985314462     
   8.8399998024106026        9.4804512628681892E-002  0.16766672240472977        1.9576875299277181     
   8.8599998019635677        9.7693527148298653E-002  0.14445072920956359        1.9559834301690155     
   8.8799998015165329       0.10010411679005901       0.12052948478206194        1.9545022577437536     
   8.8999998010694981       0.10202451539255365        9.6019932270945019E-002   1.9532729086104164     
   8.9199998006224632       0.10344535146695238        7.1041805307844763E-002   1.9523193576735987     
   8.9399998001754284       0.10435969255877281        4.5717055612877047E-002   1.9516601960219100     
   8.9599997997283936       0.10476307801200523        2.0169273112439236E-002   1.9513082724861792     
   8.9799997992813587       0.10465354002732728       -5.4768993563151583E-003   1.9512704461156092     
   8.9999997988343239       0.10403161294589042       -3.1096354766901133E-002   1.9515474541118543     
   9.0199997983872890       0.10290033072873921       -5.6564112121866850E-002   1.9521338976379170     
   9.0399997979402542       0.10126521263997595       -8.1755906265549530E-002   1.9530183457613142     
   9.0599997974932194        9.9134237179977672E-002 -0.10654877538146454        1.9541835556298803     
   9.0799997970461845        9.6517804353976153E-002 -0.13082164422416775        1.9556068048444299     
   9.0999997965991497        9.3428686401738598E-002 -0.15445590106423629        1.9572603299163240     
   9.1199997961521149        8.9881967156467957E-002 -0.17733596622729947        1.9591118627110624     
   9.1399997957050800        8.5894970245788529E-002 -0.19934984998978800        1.9611252549133897     
   9.1599997952580452        8.1487176395057023E-002 -0.22038969746266895        1.9632611788374412     
   9.1799997948110104        7.6680130143334191E-002 -0.24035231795843448        1.9654778913798310     
   9.1999997943639755        7.1497336335072353E-002 -0.25913969620531557        1.9677320466064727     
   9.2199997939169407        6.5964146805633866E-002 -0.27665948265574553        1.9699795414063710     
   9.2399997934699059        6.0107637735675512E-002 -0.29282546004307680        1.9721763778664985     
   9.2599997930228710        5.3956478207554399E-002 -0.30755798328051231        1.9742795255465595     
   9.2799997925758362        4.7540790555410870E-002 -0.32078438977726653        1.9762477666818241     
   9.2999997921288013        4.0892003158504678E-002 -0.33243937727590855        1.9780425075310659     
   9.3199997916817665        3.4042696383663223E-002 -0.34246534639676984        1.9796285396226341     
   9.3399997912347317        2.7026442436221015E-002 -0.35081270521338542        1.9809747355343454     
   9.3599997907876968        1.9877639928445108E-002 -0.35744013337820485        1.9820546650625483     
   9.3799997903406620        1.2631344019031820E-002 -0.36231480356903129        1.9828471191734998     
   9.3999997898936272        5.3230930157765963E-003 -0.36541255833036834        1.9833365309576541     
   9.4199997894465923       -2.0112676349769701E-003 -0.36671804073446529        1.9835132848870620     
   9.4399997889995575       -9.3357630247981674E-003 -0.36622477767682154        1.9833739079622250     
   9.4599997885525227       -1.6614467162927502E-002 -0.36393521504105270        1.9829211387747974     
   9.4799997881054878       -2.3811681090215003E-002 -0.35986070440788853        1.9821638730486553     
   9.4999997876584530       -3.0892109760582754E-002 -0.35402144143138342        1.9811169867928806     
   9.5199997872114182       -3.7821036734719767E-002 -0.34644635645053024        1.9798010407437030     
   9.5399997867643833       -4.4564495750689229E-002 -0.33717295833487598        1.9782418722269901     
   9.5599997863173485       -5.1089438264196554E-002 -0.32624713296755786        1.9764700828801181     
   9.5799997858703136       -5.7363896086723640E-002 -0.31372289813860765        1.9745204327786823     
   9.5999997854232788       -6.3357138291706014E-002 -0.29966211694708900        1.9724311533729550     
   9.6199997849762440       -6.9039821606410715E-002 -0.28413417208612873        1.9702431932127773     
   9.6399997845292091       -7.4384133559070670E-002 -0.26721560360573177        1.9679994116981272     
   9.6599997840821743       -7.9363927706007392E-002 -0.24898971291219005        1.9657437370158373     
   9.6799997836351395       -8.3954850320790794E-002 -0.22954613586992623        1.9635203050002152     
   9.6999997831881046       -8.8134457985848555E-002 -0.20898038792396353        1.9613725958850381     
   9.7199997827410698       -9.1882325585340166E-002 -0.18739338416314918        1.9593425858033151     
   9.7399997822940350       -9.5180144255665095E-002 -0.16489093720184592        1.9574699294533848     
   9.7599997818470001       -9.8011808905944575E-002 -0.14158323567860603        1.9557911896054911     
   9.7799997813999653      -0.10036349497464107      -0.11758430606303873        1.9543391280969484     
   9.7999997809529305      -0.10222372413978303       -9.3011460336066165E-002   1.9531420716848409     
   9.8199997805058956      -0.10358341874886560       -6.7984731973705928E-002   1.9522233646237603     
   9.8399997800588608      -0.10443594478040871       -4.2626302529927579E-002   1.9516009181444804     
   9.8599997796118259      -0.10477714319256114       -1.7059920988940158E-002   1.9512868651603021     
   9.8799997791647911      -0.10460534955538980        8.5896820505608276E-003   1.9512873265535597     
   9.8999997787177563      -0.10392140190306788        3.4197383380467412E-002   1.9516022933274917     
   9.9199997782707214      -0.10272863678065509        5.9638257453658250E-002   1.9522256267797895     
   9.9399997778236866      -0.10103287349819633        8.4788166018101713E-002   1.9531451766946162     
   9.9599997773766518       -9.8842386643122684E-002  0.10952434520174222        1.9543430153904431     
   9.9799997769296169       -9.6167866941083979E-002  0.13372598809094388        1.9557957833322690     
   9.9999997764825821       -9.3022370595979523E-002  0.15727482077058930        1.9574751399497763     
