   0.0000000000000000       0.10471999645233154        0.0000000000000000        1.9512520217583391     
   1.9999999552965164E-002  0.10420634487837775       -2.5682579271740138E-002   1.9514626419315368     
   3.9999999105930328E-002  0.10318156119139800       -5.1239185494272553E-002   1.9519852957121397     
   5.9999998658895493E-002  0.10165067195529233       -7.6544463516185476E-002   1.9528097518769691     
   7.9999998211860657E-002   9.9621186181637469E-002 -0.10147429095087045        1.9539198693878510     
   9.9999997764825821E-002   9.7103058497985645E-002 -0.12590638699681833        1.9552939125245528     
  0.11999999731779099        9.4108640320417297E-002 -0.14972091222494072        1.9569049754073853     
  0.13999999687075615        9.0652619269846191E-002 -0.17280105639095961        1.9587215077003632     
  0.15999999642372131        8.6751947129240087E-002 -0.19503361138964598        1.9607079313135081     
  0.17999999597668648        8.2425756695126653E-002 -0.21630952654056662        1.9628253361407475     
  0.19999999552965164        7.7695267931228065E-002 -0.23652444348166268        1.9650322413127084     
  0.21999999508261681        7.2583683884540742E-002 -0.25557920804700685        1.9672854071427033     
  0.23999999463558197        6.7116076874391695E-002 -0.27338035661797916        1.9695406819261623     
  0.25999999418854713        6.1319265512714355E-002 -0.28984057456230850        1.9717538670405745     
  0.27999999374151230        5.5221683158759208E-002 -0.30487912451233673        1.9738815834009671     
  0.29999999329447746        4.8853238453469033E-002 -0.31842224238180045        1.9758821222653487     
  0.31999999284744263        4.2245168617597549E-002 -0.33040349917866801        1.9777162636592713     
  0.33999999240040779        3.5429886233144185E-002 -0.34076412683933982        1.9793480462957533     
  0.35999999195337296        2.8440820259642077E-002 -0.34945330648599554        1.9807454737965824     
  0.37999999150633812        2.1312252065114282E-002 -0.35642841769318567        1.9818811432568448     
  0.39999999105930328        1.4079147275966481E-002 -0.36165524754101480        1.9827327837131765     
  0.41999999061226845        6.7769842705923313E-003 -0.36510815842951078        1.9832836938481841     
  0.43999999016523361       -5.5841984206961813E-004 -0.36677021383105057        1.9835230702535425     
  0.45999998971819878       -7.8910849054523134E-003 -0.36663326136402680        1.9834462197422031     
  0.47999998927116394       -1.5185044198025193E-002 -0.36469797278027893        1.9830546515016683     
  0.49999998882412910       -2.2404520850060321E-002 -0.36097384067015054        1.9823560472679780     
  0.51999998837709427       -2.9514103329175454E-002 -0.35547913190133434        1.9813641101245736     
  0.53999998793005943       -3.6478919133897440E-002 -0.34824079801988778        1.9800982949413177     
  0.55999998748302460       -4.3264805843279082E-002 -0.33929434305290174        1.9785834258169088     
  0.57999998703598976       -4.9838478683571059E-002 -0.32868364936125083        1.9768492081244227     
  0.59999998658895493       -5.6167693790034404E-002 -0.31646076239661663        1.9749296448392573     
  0.61999998614192009       -6.2221406363094416E-002 -0.30268563541855165        1.9728623687094138     
  0.63999998569488525       -6.7969922943079977E-002 -0.28742583542374606        1.9706879034726510     
  0.65999998524785042       -7.3385047056640812E-002 -0.27075621172991471        1.9684488687016792     
  0.67999998480081558       -7.8440217520446942E-002 -0.25275852883989969        1.9661891439413706     
  0.69999998435378075       -8.3110638723790708E-002 -0.23352106538679082        1.9639530085713870     
  0.71999998390674591       -8.7373402251055263E-002 -0.21313818112723748        1.9617842742708755     
  0.73999998345971107       -9.1207599247491278E-002 -0.19170985410685012        1.9597254270727471     
  0.75999998301267624       -9.4594422977147763E-002 -0.16934119026789476        1.9578167957740142     
  0.77999998256564140       -9.7517261069910335E-002 -0.14614190790465492        1.9560957629227260     
  0.79999998211860657       -9.9961777005175292E-002 -0.12222579949520712        1.9545960337440396     
  0.81999998167157173      -0.10191598043248194       -9.7710173549325360E-002   1.9533469772167127     
  0.83999998122453690      -0.10337028598418069       -7.2715279210250366E-002   1.9523730520904810     
  0.85999998077750206      -0.10431756029166049       -4.7363716432651928E-002   1.9516933289727969     
  0.87999998033046722      -0.10475315697452137       -2.1779834629861321E-002   1.9513211177426664     
  0.89999997988343239      -0.10467493943106985        3.9108772599907755E-003   1.9512637075054760     
  0.91999997943639755      -0.10408329131835012        2.9582406297205471E-002   1.9515222241243291     
  0.93999997898936272      -0.10298111467030620        5.5108833633974480E-002   1.9520916080910133     
  0.95999997854232788      -0.10137381566330576        8.0364952146318211E-002   1.9529607131754378     
  0.97999997809529305       -9.9269278098845476E-002  0.10522688057501857        1.9541125239590706     
  0.99999997764825821       -9.6677824733505266E-002  0.12957267116318519        1.9555244880587255     
   1.0199999772012234       -9.3612166645828207E-002  0.15328290780999293        1.9571689566246782     
   1.0399999767541885       -9.0087340888481277E-002  0.17624129180664655        1.9590137245930963     
   1.0599999763071537       -8.6120636731513267E-002  0.19833521228153769        1.9610226602270577     
   1.0799999758601189       -8.1731510858486664E-002  0.21945629855656096        1.9631564117303373     
   1.0999999754130840       -7.6941491931446310E-002  0.23950095170528096        1.9653731771980758     
   1.1199999749660492       -7.1774074992833919E-002  0.25837085270565796        1.9676295229088661     
   1.1399999745190144       -6.6254606222306806E-002  0.27597344469484281        1.9698812339898684     
   1.1599999740719795       -6.0410158613728761E-002  0.29222238696058173        1.9720841808213228     
   1.1799999736249447       -5.4269399182137378E-002  0.30703797844240266        1.9741951842047110     
   1.1999999731779099       -4.7862448352037686E-002  0.32034754866531034        1.9761728623091750     
   1.2199999727308750       -4.1220732216722407E-002  0.33208581418846017        1.9779784427364238     
   1.2399999722838402       -3.4376828393286978E-002  0.34219519882043009        1.9795765237013789     
   1.2599999718368053       -2.7364306229420370E-002  0.35062611603043486        1.9809357693033636     
   1.2799999713897705       -2.0217562145757442E-002  0.35733721217025538        1.9820295251431803     
   1.2999999709427357       -1.2971650921438586E-002  0.36229556931387985        1.9828363421006474     
   1.3199999704957008       -5.6621137504209145E-003  0.36547686671992813        1.9833403978947308     
   1.3399999700486660        1.6751960880751499E-003  0.36686550012488617        1.9835318080682054     
   1.3599999696016312        9.0042890898974978E-003  0.36645465828201729        1.9834068202300135     
   1.3799999691545963        1.6289216054477224E-002  0.36424635637052682        1.9829678877062109     
   1.3999999687075615        2.3494244415654453E-002  0.36025142611110839        1.9822236211469240     
   1.4199999682605267        3.0584033509912404E-002  0.35448946263635456        1.9811886190624557     
   1.4399999678134918        3.7523807922329025E-002  0.34698872837663342        1.9798831806663664     
   1.4599999673664570        4.4279528059984301E-002  0.33778601443286965        1.9783329067374100     
   1.4799999669194221        5.0818057116160741E-002  0.32692646011619769        1.9765681964277011     
   1.4999999664723873        5.7107323606377561E-002  0.31446333153964434        1.9746236499963212     
   1.5199999660253525        6.3116478679019455E-002  0.30045776034784877        1.9725373892946445     
   1.5399999655783176        6.8816047428951171E-002  0.28497844386635052        1.9703503094353507     
   1.5599999651312828        7.4178073471924816E-002  0.26810130814121347        1.9681052764105791     
   1.5799999646842480        7.9176256070642256E-002  0.24990913552177621        1.9658462864608701     
   1.5999999642372131        8.3786079139869379E-002  0.23049115861323524        1.9636176037170077     
   1.6199999637901783        8.7984931497832194E-002  0.20994262259072397        1.9614628930297953     
   1.6399999633431435        9.1752217774061506E-002  0.18836431802173645        1.9594243649629377     
   1.6599999628961086        9.5069459429683423E-002  0.16586208648840225        1.9575419496531627     
   1.6799999624490738        9.7920385394650949E-002  0.14254630143453478        1.9558525156472790     
   1.6999999620020390       0.10029101187734128       0.11853132678389845        1.9543891489219374     
   1.7199999615550041       0.10216971095505253        9.3934955985172153E-002   1.9531805060979219     
   1.7399999611079693       0.10354726760896360        6.8877834235093138E-002   1.9522502544013467     
   1.7599999606609344       0.10441692492380078        4.3482866713777032E-002   1.9516166092282177     
   1.7799999602138996       0.10477441723050659        1.7874615734819466E-002   1.9512919782693368     
   1.7999999597668648       0.10461799102934616       -7.8213102328417994E-003   1.9512827190856996     
   1.8199999593198299       0.10394841359082324       -3.3478872674456643E-002   1.9515890148291706     
   1.8399999588727951       0.10276896919221853       -5.8972221248367040E-002   1.9522048705202018     
   1.8599999584257603       0.10108544300820983       -8.4176311081922500E-002   1.9531182299659140     
   1.8799999579787254        9.8906092734590709E-002 -0.10896751611657009        1.9543112110709804     
   1.8999999575316906        9.6241608084273358E-002 -0.13322423549366144        1.9557604550035022     
   1.9199999570846558        9.3105058354247622E-002 -0.15682749000665436        1.9574375824710866     
   1.9399999566376209        8.9511828320680345E-002 -0.17966150569411113        1.9593097482798847     
   1.9599999561905861        8.5479542776589562E-002 -0.20161428171096979        1.9613402834310725     
   1.9799999557435513        8.1027980082236148E-002 -0.22257813969267989        1.9634894122920339     
   1.9999999552965164        7.6178975152268416E-002 -0.24245025191757177        1.9657150308971922     
   2.0199999548494816        7.0956312355467566E-002 -0.26113314567682283        1.9679735312159303     
   2.0399999544024467        6.5385608852420771E-002 -0.27853518137808625        1.9702206552976838     
   2.0599999539554119        5.9494188943350595E-002 -0.29457100203768388        1.9724123625873831     
   2.0799999535083771        5.3310950042424671E-002 -0.30916195195660423        1.9745056934124321     
   2.0999999530613422        4.6866220935941602E-002 -0.32223646252669952        1.9764596116837752     
   2.1199999526143074        4.0191613019636661E-002 -0.33373040327470277        1.9782358102300628     
   2.1399999521672726        3.3319865244788319E-002 -0.34358739642219382        1.9797994628905862     
   2.1599999517202377        2.6284683533664928E-002 -0.35175909341859801        1.9811199085176225     
   2.1799999512732029        1.9120575451978775E-002 -0.35820541209082257        1.9821712533634781     
   2.1999999508261681        1.1862680949279114E-002 -0.36289473324631238        1.9829328799266543     
   2.2199999503791332        4.5465999975025330E-003 -0.36580405576518688        1.9833898521738547     
   2.2399999499320984       -2.7917820268864657E-003 -0.36691910942073114        1.9835332091032103     
   2.2599999494850636       -1.0116470360664055E-002 -0.36623442487485675        1.9833601408275201     
   2.2799999490380287       -1.7391537408157725E-002 -0.36375336050520474        1.9828740436891867     
   2.2999999485909939       -2.4581298966100097E-002 -0.35948808593230341        1.9820844533227171     
   2.3199999481439590       -3.1650489254642991E-002 -0.35345952232758077        1.9810068570063988     
   2.3399999476969242       -3.8564433896004689E-002 -0.34569723979502032        1.9796623890419061     
   2.3599999472498894       -4.5289219992290075E-002 -0.33623931232980342        1.9780774152196030     
   2.3799999468028545       -5.1791862468252008E-002 -0.32513213106536620        1.9762830146207440     
   2.3999999463558197       -5.8040465863082709E-002 -0.31243017672489382        1.9743143690310057     
   2.4199999459087849       -6.4004380777646377E-002 -0.29819575239337770        1.9722100720523292     
   2.4399999454617500       -6.9654354209779404E-002 -0.28249867792098887        1.9700113715662022     
   2.4599999450147152       -7.4962673040263605E-002 -0.26541594745671854        1.9677613604911959     
   2.4799999445676804       -7.9903299965673663E-002 -0.24703135179208371        1.9655041317667654     
   2.4999999441206455       -8.4452001211348299E-002 -0.22743506736730176        1.9632839141665495     
   2.5199999436736107       -8.8586465398052996E-002 -0.20672321395585852        1.9611442058868400     
   2.5399999432265759       -9.2286412979293270E-002 -0.18499738319702730        1.9591269228654136     
   2.5599999427795410       -9.5533695712488570E-002 -0.16236414028888665        1.9572715784649748     
   2.5799999423325062       -9.8312385676100664E-002 -0.13893450128603257        1.9556145105129235     
   2.5999999418854713      -0.10060885339608741      -0.11482338856583987        1.9541881707397011     
   2.6199999414384365      -0.10241183469847186       -9.0149067134210684E-002   1.9530204904219302     
   2.6399999409914017      -0.10371248596011463       -6.5032564535730211E-002   1.9521343345391586     
   2.6599999405443668      -0.10450442748668477       -3.9597077213570586E-002   1.9515470550239236     
   2.6799999400973320      -0.10478377480505982       -1.3967366230947229E-002   1.9512701517574875     
   2.6999999396502972      -0.10454915771666620        1.1730854681885887E-002   1.9513090478746595     
   2.7199999392032623      -0.10380172701830312        3.7371535753472761E-002   1.9516629837297315     
   2.7399999387562275      -0.10254514885748435        6.2828909445273959E-002   1.9523250315828811     
   2.7599999383091927      -0.10078558674998497        8.7978107341432771E-002   1.9532822307347897     
   2.7799999378621578       -9.8531671347797015E-002  0.11269577262834465        1.9545158405097514     
   2.7999999374151230       -9.5794458105782146E-002  0.13686066515981782        1.9560017062072592     
   2.8199999369680882       -9.2587373054666480E-002  0.16035425613998028        1.9577107309513633     
   2.8399999365210533       -8.8926146946360987E-002  0.18306130950701377        1.9596094443071714     
   2.8599999360740185       -8.4828738094624670E-002  0.20487044716602751        1.9616606566438155     
   2.8799999356269836       -8.0315244289537027E-002  0.22567469529860443        1.9638241865396819     
   2.8999999351799488       -7.5407804217839436E-002  0.24537200906937168        1.9660576470818261     
   2.9199999347329140       -7.0130488872678434E-002  0.26386577315590976        1.9683172757366336     
   2.9399999342858791       -6.4509183485386382E-002  0.28106527564690081        1.9705587915874934     
   2.9599999338388443       -5.8571460558423903E-002  0.29688615298404647        1.9727382631669903     
   2.9799999333918095       -5.2346444622257571E-002  0.31125080376531405        1.9748129698694854     
   2.9999999329447746       -4.5864669379540396E-002  0.32408876937980730        1.9767422400223269     
   3.0199999324977398       -3.9157927937302814E-002  0.33533707960724690        1.9784882491211619     
   3.0399999320507050       -3.2259116861765344E-002  0.34494056148689584        1.9800167624908152     
   3.0599999316036701       -2.5202074820683984E-002  0.35285210994092725        1.9812978077051515     
   3.0799999311566353       -1.8021416604687663E-002  0.35903291882482719        1.9823062634675326     
   3.0999999307096004       -1.0752363341733059E-002  0.36345267127153041        1.9830223532917761     
   3.1199999302625656       -3.4305697374748889E-003  0.36608968839565070        1.9834320341997234     
   3.1399999298155308        3.9080508110623940E-003  0.36693103562841189        1.9835272727280242     
   3.1599999293684959        1.1227502370694035E-002  0.36597258616170680        1.9833062027713699     
   3.1799999289214611        1.8491883032124280E-002  0.36321904119009046        1.9827731621362796     
   3.1999999284744263        2.5665561008808506E-002  0.35868390685142132        1.9819386070902532     
   3.2199999280273914        3.2713349410863277E-002  0.35238942797925621        1.9808189066157313     
   3.2399999275803566        3.9600678836758330E-002  0.34436647899194345        1.9794360204667036     
   3.2599999271333218        4.6293766936228220E-002  0.33465441245360350        1.9778170674287261     
   3.2799999266862869        5.2759784112697578E-002  0.32330086604980518        1.9759937923534292     
   3.2999999262392521        5.8967014552449598E-002  0.31036152892472180        1.9740019425322632     
   3.3199999257922173        6.4885011790689728E-002  0.29589986852588379        1.9718805657514711     
   3.3399999253451824        7.0484748051452939E-002  0.27998681929635355        1.9696712438961552     
   3.3599999248981476        7.5738756628842455E-002  0.26270043474128829        1.9674172772166465     
   3.3799999244511127        8.0621266611219919E-002  0.24412550457550358        1.9651628353121726     
   3.3999999240040779        8.5108329287524834E-002  0.22435313882992919        1.9629520915085579     
   3.4199999235570431        8.9177935615700338E-002  0.20348032095691490        1.9608283575985523     
   3.4399999231100082        9.2810124177042694E-002  0.18160943212640474        1.9588332358723195     
   3.4599999226629734        9.5987079086958360E-002  0.15884774904630686        1.9570058049950156     
   3.4799999222159386        9.8693217381876461E-002  0.13530691777025011        1.9553818555980589     
   3.4999999217689037       0.10091526545368382       0.11110240607370020        1.9539931904561831     
   3.5199999213218689       0.10264232415677166        8.6352937084530568E-002   1.9528670028448292     
   3.5399999208748341       0.10386592226834390        6.1179906946089956E-002   1.9520253451377514     
   3.5599999204277992       0.10458005803976431        3.5706789369129327E-002   1.9514846979431977     
   3.5799999199807644       0.10478122863513301        1.0058529993260797E-002   1.9512556481226637     
   3.5999999195337296       0.10446844731269633       -1.5639066471394316E-002   1.9513426819260444     
   3.6199999190866947       0.10364324826481501       -4.1259953316298288E-002   1.9517440972505851     
   3.6399999186396599       0.10230967909275077       -6.6678460093591921E-002   1.9524520367296534     
   3.6599999181926250       0.10047428095318249       -9.1769909029630961E-002   1.9534526410236210     
   3.6799999177455902        9.8146056473833260E-002 -0.11641122656945549        1.9547263193620505     
   3.6999999172985554        9.5336425595582072E-002 -0.14048154705256688        1.9562481321170435     
   3.7199999168515205        9.2059169557654807E-002 -0.16386280555898253        1.9579882780141793     
   3.7399999164044857        8.8330363300646947E-002 -0.18644031701765862        1.9599126765509343     
   3.7599999159574509        8.4168296618941305E-002 -0.20810333873675421        1.9619836343315706     
   3.7799999155104160        7.9593384449268056E-002 -0.22874561359652545        1.9641605823783523     
   3.7999999150633812        7.4628066735441770E-002 -0.24826589124048926        1.9664008700742439     
   3.8199999146163464        6.9296698360438877E-002 -0.26656842470841341        1.9686606002605687     
   3.8399999141693115        6.3625429685698634E-002 -0.28356344007514867        1.9708954891783375     
   3.8599999137222767        5.7642078283602481E-002 -0.29916757679172418        1.9730617344226657     
   3.8799999132752419        5.1375992492283751E-002 -0.31330429656883330        1.9751168738885510     
   3.8999999128282070        4.4857907462031582E-002 -0.32590425879713630        1.9770206188297423     
   3.9199999123811722        3.8119794399381277E-002 -0.33690566066294358        1.9787356446302315     
   3.9399999119341373        3.1194703748348887E-002 -0.34625454029101149        1.9802283236929603     
   3.9599999114871025        2.4116603078006046E-002 -0.35390504142753615        1.9814693859688164     
   3.9799999110400677        1.6920210471556469E-002 -0.35981963836507447        1.9824344940601062     
   3.9999999105930328        9.6408242341407130E-003 -0.36396932000613608        1.9831047215094186     
   4.0199999101459980        2.3141497546523707E-003 -0.36633373216261411        1.9834669247940142     
   4.0399999096989632       -5.0238756291915033E-003 -0.36690127739307632        1.9835140016492601     
   4.0599999092519283       -1.2337258903488926E-002 -0.36566917188821407        1.9832450305993616     
   4.0799999088048935       -1.9590127923883208E-002 -0.36264345912542700        1.9826652889334175     
   4.0999999083578587       -2.6746907368428056E-002 -0.35783898022556682        1.9817861487808708     
   4.1199999079108238       -3.3772493234538785E-002 -0.35127930115724071        1.9806248533627802     
   4.1399999074637890       -4.0632425024122100E-002 -0.34299659714573727        1.9792041778738734     
   4.1599999070167542       -4.7293054772316406E-002 -0.33303149485354921        1.9775519817360434     
   4.1799999065697193       -5.3721712090756657E-002 -0.32143287310659707        1.9757006611101580     
   4.1999999061226845       -5.9886864415826607E-002 -0.30825762314359212        1.9736865125162308     
   4.2199999056756496       -6.5758271675880733E-002 -0.29357036956451527        1.9715490201531194     
   4.2399999052286148       -7.1307134618793164E-002 -0.27744315334695940        1.9693300809938350     
   4.2599999047815800       -7.6506236072286987E-002 -0.25995507848514032        1.9670731829330479     
   4.2799999043345451       -8.1330074444162029E-002 -0.24119192398481157        1.9648225521573364     
   4.2999999038875103       -8.5754988807602447E-002 -0.22124572311724830        1.9626222864807634     
   4.3199999034404755       -8.9759274958020857E-002 -0.20021431199605930        1.9605154916295786     
   4.3399999029934406       -9.3323291872180025E-002 -0.17820084969105782        1.9585434373682895     
   4.3599999025464058       -9.6429558047410213E-002 -0.15531331223303260        1.9567447499392820     
   4.3799999020993710       -9.9062837248378346E-002 -0.13166396299132585        1.9551546565504323     
   4.3999999016523361      -0.10121021324082106      -0.10736880202201583        1.9538042966060898     
   4.4199999012053013      -0.10286115314567271       -8.2546997087651383E-002   1.9527201130583562     
   4.4399999007582664      -0.10400755910283627       -5.7320299139386466E-002   1.9519233356843295     
   4.4599999003112316      -0.10464380799118649       -3.1812445128574784E-002   1.9514295663018790     
   4.4799998998641968      -0.10476677900997854       -6.1485510770336420E-003   1.9512484739559521     
   4.4999998994171619      -0.10437586898637539        1.9545501617032772E-002   1.9513836059769809     
   4.5199998989701271      -0.10347299533401057        4.5143683627281168E-002   1.9518323185723989     
   4.5399998985230923      -0.10206258664807437        7.0520435873064474E-002   1.9525858283032371     
   4.5599998980760574      -0.10015156098305489        9.5551285386712037E-002   1.9536293834628460     
   4.5799998976290226       -9.7749291919681278E-002  0.12011345585342575        1.9549425520571291     
   4.5999998971819878       -9.4867562587511070E-002  0.14408646982909409        1.9564996208282248     
   4.6199998967349529       -9.1520507868680670E-002  0.16735273968214542        1.9582700976083678     
   4.6399998962879181       -8.7724545066309625E-002  0.18979814436087120        1.9602193072784320     
   4.6599998958408833       -8.3498293377630206E-002  0.21131258915717518        1.9623090697746910     
   4.6799998953938484       -7.8862482566826500E-002  0.23179054572110760        1.9644984469734048     
   4.6999998949468136       -7.3839851285542796E-002  0.25113156967741285        1.9667445439179378     
   4.7199998944997787       -6.8455035539799175E-002  0.26924079330518191        1.9690033487651899     
   4.7399998940527439       -6.2734447850383970E-002  0.28602939086401558        1.9712305950403086     
   4.7599998936057091       -5.6706147699441510E-002  0.30141501428427364        1.9733826293186205     
   4.7799998931586742       -5.0399703898714517E-002  0.31532219708434989        1.9754172673132198     
   4.7999998927116394       -4.3846049554524952E-002  0.32768272453375802        1.9772946215411871     
   4.8199998922646046       -3.7077330340890037E-002  0.33843596824637906        1.9789778842696071     
   4.8399998918175697       -3.0126746824993882E-002  0.34752918356269036        1.9804340502963933     
   4.8599998913705349       -2.3028391618408167E-002  0.35491776826231602        1.9816345652854233     
   4.8799998909235001       -1.5817082152835209E-002  0.36056548133791438        1.9825558868289146     
   4.8999998904764652       -8.5281899006083347E-003  0.36444462075731582        1.9831799471243541     
   4.9199998900294304       -1.1974668776229980E-003  0.36653615934198841        1.9834945080946476     
   4.9399998895823956        6.1391297202982248E-003  0.36682983809534697        1.9834934019094284     
   4.9599998891353607        1.3445613887448185E-002  0.36532421652313057        1.9831766521392404     
   4.9799998886883259        2.0686147319590179E-002  0.36202667969902663        1.9825504731458408     
   4.9999998882412910        2.7825215200837278E-002  0.35695340204088516        1.9816271477321012     
   5.0199998877942562        3.4827800403821309E-002  0.35012926797520050        1.9804247854939092     
   5.0399998873472214        4.1659555248699714E-002  0.34158774987900153        1.9789669666839818     
   5.0599998869001865        4.8286969978522346E-002  0.33137074389784493        1.9772822786649327     
   5.0799998864531517        5.4677537124586534E-002  0.31952836444522487        1.9754037541499960     
   5.0999998860061169        6.0799910955568387E-002  0.30611869839137884        1.9733682223616102     
   5.1199998855590820        6.6624061228332365E-002  0.29120752014719392        1.9712155859422587     
   5.1399998851120472        7.2121420486271348E-002  0.27486796904072691        1.9689880378952800     
   5.1599998846650124        7.7265024182678971E-002  0.25718019056880614        1.9667292339884819     
   5.1799998842179775        8.2029642941848960E-002  0.23823094328337624        1.9644834368992183     
   5.1999998837709427        8.6391906309160937E-002  0.21811317324080792        1.9622946489016597     
   5.2199998833239079        9.0330417383158335E-002  0.19692555810149923        1.9602057500875827     
   5.2399998828768730        9.3825857767348336E-002  0.17477202311595935        1.9582576589699625     
   5.2599998824298382        9.6861082326935050E-002  0.15176123137146358        1.9564885318494865     
   5.2799998819828033        9.9421203285704265E-002  0.12800605079961902        1.9549330165392562     
   5.2999998815357685       0.10149366325056457       0.10362300055916954        1.9536215749598707     
   5.3199998810887337       0.10306829680555940        7.8731679509531666E-002   1.9525798877583220     
   5.3399998806416988       0.10413738037323150        5.3454179578399028E-002   1.9518283524970477     
   5.3599998801946640       0.10469567009876969        2.7914486900847118E-002   1.9513816851355279     
   5.3799998797476292       0.10474042757111630        2.2378736673509640E-003   1.9512486325209846     
   5.3999998793005943       0.10427143325487317       -2.3449716336298804E-002   1.9514318014549297     
   5.4199998788535595       0.10329098756712275       -4.9022285483254859E-002   1.9519276076485961     
   5.4399998784065247       0.10180389959388252       -7.4354400323962455E-002   1.9527263455645698     
   5.4599998779594898        9.9817463501538445E-002  -9.9321806837219168E-002   1.9538123778068228     
   5.4799998775124550        9.7341422758959503E-002 -0.12380203989613857        1.9551644404101249     
   5.4999998770654202        9.4387922345783637E-002 -0.14767502395958756        1.9567560581352141     
   5.5199998766183853        9.0971449181293657E-002 -0.17082366204270572        1.9585560617400848     
   5.5399998761713505        8.7108761066079343E-002 -0.19313441007760632        1.9605291972106900     
   5.5599998757243156        8.2818804485026945E-002 -0.21449783384701998        1.9626368151341929     
   5.5799998752772808        7.8122621674812390E-002 -0.23480914575912132        1.9648376268198919     
   5.5999998748302460        7.3043247411732085E-002 -0.25396871883065825        1.9670885124484851     
   5.6199998743832111        6.7605596026127132E-002 -0.27188257535729654        1.9693453654867399     
   5.6399998739361763        6.1836339197595035E-002 -0.28846284787425186        1.9715639568641476     
   5.6599998734891415        5.5763775130403474E-002 -0.30362821014619729        1.9737008019876581     
   5.6799998730421066        4.9417689750800721E-002 -0.31730427607244083        1.9757140135808855     
   5.6999998725950718        4.2829210607049840E-002 -0.32942396455074330        1.9775641235797163     
   5.7199998721480370        3.6030654188807035E-002 -0.33992782851011916        1.9792148578946920     
   5.7399998717010021        2.9055367414742551E-002 -0.34876434649871474        1.9806338487527997     
   5.7599998712539673        2.1937564065907349E-002 -0.35589017539652545        1.9817932705412780     
   5.7799998708069324        1.4712156967139869E-002 -0.36127036301339582        1.9826703865712030     
   5.7999998703598976        7.4145867396630928E-003 -0.36487851952950923        1.9832479959297920     
   5.8199998699128628        8.0647964840361783E-005 -0.36669694693745203        1.9835147715630093     
   5.8399998694658279       -7.2536863882432540E-003 -0.36671672585093834        1.9834654828841702     
   5.8599998690187931       -1.4552441410191345E-002 -0.36493775925439914        1.9831010984959998     
   5.8799998685717583       -2.1779816708223789E-002 -0.36136877297884362        1.9824287669957201     
   5.8999998681247234       -2.8900362007100371E-002 -0.35602727290165875        1.9814616762560533     
   5.9199998676776886       -3.5879151032717924E-002 -0.34893945908028218        1.9802187939892941     
   5.9399998672306538       -4.2681952825481900E-002 -0.34014009724092259        1.9787244947570100     
   5.9599998667836189       -4.9275399643160391E-002 -0.32967234825267572        1.9770080808359931     
   5.9799998663365841       -5.5627150629656980E-002 -0.31758755642346470        1.9751032064460110     
   5.9999998658895493       -6.1706050446907260E-002 -0.30394499765621424        1.9730472167444280     
   6.0199998654425144       -6.7482282091809453E-002 -0.28881158870055146        1.9708804146592822     
   6.0399998649954796       -7.2927513148622142E-002 -0.27226155892615456        1.9686452700334713     
   6.0599998645484447       -7.8015034759461185E-002 -0.25437608622770069        1.9663855866619659     
   6.0799998641014099       -8.2719892631245406E-002 -0.23524289884729935        1.9641456436012932     
   6.0999998636543751       -8.7019009436502093E-002 -0.21495584506747187        1.9619693276025116     
   6.1199998632073402       -9.0891298007656371E-002 -0.19361443288533356        1.9598992736587773     
   6.1399998627603054       -9.4317764769586393E-002 -0.17132334192587603        1.9579760304662921     
   6.1599998623132706       -9.7281602903107750E-002 -0.14819190998841525        1.9562372670793162     
   6.1799998618662357       -9.9768274782420202E-002 -0.12433359674469489        1.9547170362084603     
   6.1999998614192009      -0.10176558328216100       -9.9865427219205855E-002   1.9534451084848550     
   6.2199998609721661      -0.10326373160430379       -7.4907417781450741E-002   1.9524463906143963     
   6.2399998605251312      -0.10425537133145214       -4.9581987465661406E-002   1.9517404387040276     
   6.2599998600780964      -0.10473563847082626       -2.4013357505446108E-002   1.9513410761880812     
   6.2799998596310616      -0.10470217731214715        1.6730579713510399E-003   1.9512561237524495     
   6.2999998591840267      -0.10415515198239537        2.7351267098936826E-002   1.9514872464860837     
   6.3199998587369919      -0.10309724564076822        5.2895318263660236E-002   1.9520299212234782     
   6.3399998582899570      -0.10153364731778403        7.8179917896667034E-002   1.9528735247203073     
   6.3599998578429222       -9.9472026463087948E-002  0.10308104503884462        1.9540015409701736     
   6.3799998573958874       -9.6922495326802083E-002  0.12747655966361626        1.9553918836665451     
   6.3999998569488525       -9.3897559358939439E-002  0.15124680177376137        1.9570173275832321     
   6.4199998565018177       -9.0412055870172675E-002  0.17427517833369197        1.9588460405308512     
   6.4399998560547829       -8.6483081254826455E-002  0.19644873515828265        1.9608422055856920     
   6.4599998556077480       -8.2129907133064700E-002  0.21765871095313927        1.9629667215188684     
   6.4799998551607132       -7.7373885823595279E-002  0.23780107078873899        1.9651779678122772     
   6.4999998547136784       -7.2238345610548524E-002  0.25677701639175105        1.9674326193645075     
   6.5199998542666435       -6.6748476318245487E-002  0.27449347075055908        1.9696864949910626     
   6.5399998538196087       -6.0931205755111705E-002  0.29086353465799575        1.9718954231305217     
   6.5599998533725739       -5.4815067632779116E-002  0.30580691295194645        1.9740161077975551     
   6.5799998529255390       -4.8430061608232863E-002  0.31925030836311297        1.9760069777849159     
   6.5999998524785042       -4.1807506135496247E-002  0.33112778103811330        1.9778290024130083     
   6.6199998520314693       -3.4979884848616340E-002  0.34138107197445711        1.9794464577541375     
   6.6399998515844345       -2.7980687229441640E-002  0.34995988878094803        1.9808276282088060     
   6.6599998511373997       -2.0844244341716403E-002  0.35682215236185844        1.9819454295664223     
   6.6799998506903648       -1.3605560437215791E-002  0.36193420331489046        1.9827779412189088     
   6.6999998502433300       -6.3001412598938074E-003  0.36527096703054152        1.9833088369829672     
   6.7199998497962952        1.0361801097878631E-003  0.36681607668306176        1.9835277059896563     
   6.7399998493492603        8.3674190161165639E-003  0.36656195350973314        1.9834302572779710     
   6.7599998489022255        1.5657615732861965E-002  0.36450984398469988        1.9830184040376824     
   6.7799998484551907        2.2871011845730250E-002  0.36066981370501283        1.9823002258383349     
   6.7999998480081558        2.9972225647383284E-002  0.35506069801887685        1.9812898096064422     
   6.8199998475611210        3.6926425684710183E-002  0.34771000963826942        1.9800069725214560     
   6.8399998471140862        4.3699501607101947E-002  0.33865380368909059        1.9784768723432131     
   6.8599998466670513        5.0258231477718379E-002  0.32793650086077347        1.9767295129112041     
   6.8799998462200165        5.6570444727085542E-002  0.31561066952280620        1.9747991546238346     
   6.8999998457729816        6.2605179949736370E-002  0.30173676787688403        1.9727236415722136     
   6.9199998453259468        6.8332836769901956E-002  0.28638284740943482        1.9705436586310778     
   6.9399998448789120        7.3725321031352223E-002  0.26962421909908396        1.9683019331676890     
   6.9599998444318771        7.8756182599229910E-002  0.25154308401631020        1.9660423970924592     
   6.9799998439848423        8.3400745097959889E-002  0.23222813012720195        1.9638093257236029     
   6.9999998435378075        8.7636226948869300E-002  0.21177409727899077        1.9616464703598060     
   7.0199998430907726        9.1441853113829102E-002  0.19028131250110861        1.9595962015441055     
   7.0399998426437378        9.4798956996814315E-002  0.16785519790111669        1.9576986797597005     
   7.0599998421967030        9.7691072003556034E-002  0.14460575356927666        1.9559910697316949     
   7.0799998417496681       0.10010401231018495       0.12064701802811688        1.9545068136310786     
   7.0999998413026333       0.10202594244469625        9.6096508873488889E-002   1.9532749773076645     
   7.1199998408555984       0.10344743533993879        7.1074646350769433E-002   1.9523196822412658     
   7.1399998404085636       0.10436151857337878        4.5704162693566849E-002   1.9516596342238173     
   7.1599998399615288       0.10476370856683163        2.0109500122125309E-002   1.9513077579019951     
   7.1799998395144939       0.10465203257841268       -5.5837995457551706E-003   1.9512709442561049     
   7.1999998390674591       0.10402703837883590       -3.1249710677324676E-002   1.9515499159052609     
   7.2199998386204243       0.10289179156459860       -5.6762341980601642E-002   1.9521392128517998     
   7.2399998381733894       0.10125186052123092       -8.1996554001149621E-002   1.9530272989517061     
   7.2599998377263546        9.9115289110365198E-002 -0.10682857293109098        1.9541967870654189     
   7.2799998372793198        9.6492557214595334E-002 -0.13113659771962430        1.9556247785479226     
   7.2999998368322849        9.3396529333653583E-002 -0.15480139750716851        1.9572833105210967     
   7.3199998363852501        8.9842391484040371E-002 -0.17770689645271928        1.9591399022764537     
   7.3399998359382153        8.5847576711614651E-002 -0.19974074308583961        1.9611581902222470     
   7.3599998354911804        8.1431679582505384E-002 -0.22079486139061300        1.9632986390528699     
   7.3799998350441456        7.6616360071766310E-002 -0.24076598091849255        1.9655193153144268     
   7.3999998345971107        7.1425237321200097E-002 -0.25955614332984273        1.9677767082986997     
   7.4199998341500759        6.5883773787469721E-002 -0.27707318287958704        1.9700265822442733     
   7.4399998337030411        6.0019150348750674E-002 -0.29323117849018004        1.9722248431789471     
   7.4599998332560062        5.3860132982525732E-002 -0.30795087519448566        1.9743284034168807     
   7.4799998328089714        4.7436931668467783E-002 -0.32116007288138443        1.9762960267360712     
   7.4999998323619366        4.0781052208492034E-002 -0.33279398043731251        1.9780891376091747     
   7.5199998319149017        3.3925141690800208E-002 -0.34279553354666853        1.9796725785389324     
   7.5399998314678669        2.6902828355915610E-002 -0.35111567459227677        1.9810153005473861     
   7.5599998310208321        1.9748556650166140E-002 -0.35771359328299535        1.9820909731675229     
   7.5799998305737972        1.2497418275677897E-002 -0.36255692682819096        1.9828785018623909     
   7.5999998301267624        5.1849800655791459E-003 -0.36562191867722427        1.9833624426192376     
   7.6199998296797276       -2.1528904713132378E-003 -0.36689353504532873        1.9835333054985058     
   7.6399998292326927       -9.4802010806215569E-003 -0.36636553865432386        1.9833877411183509     
   7.6599998287856579       -1.6761011304412040E-002 -0.36404051932646386        1.9829286063796994     
   7.6799998283386230       -2.3959608769138045E-002 -0.35992988128136000        1.9821649081368262     
   7.6999998278915882       -3.1040684354829352E-002 -0.35405378719828418        1.9811116259442756     
   7.7199998274445534       -3.7969505386322704E-002 -0.34644105931822877        1.9797894174125679     
   7.7399998269975185       -4.4712085997030623E-002 -0.33712903807081701        1.9782242120328939     
   7.7599998265504837       -5.1235353829614194E-002 -0.32616339891949869        1.9764467015371572     
   7.7799998261034489       -5.7507312255893110E-002 -0.31359792832340583        1.9744917368994754     
   7.7999998256564140       -6.3497197320304247E-002 -0.29949425991477491        1.9723976439176205     
   7.8199998252093792       -6.9175628637101139E-002 -0.28392157218598602        1.9702054709017671     
   7.8399998247623444       -7.4514753501143657E-002 -0.26695624916906330        1.9679581833127233     
   7.8599998243153095       -7.9488383505414442E-002 -0.24868150577200421        1.9656998212079404     
   7.8799998238682747       -8.4072122995153126E-002 -0.22918697960966269        1.9634746360530808     
   7.8999998234212399       -8.8243488728540945E-002 -0.20856829133125573        1.9613262238281970     
   7.9199998229742050       -9.1982020156999994E-002 -0.18692657560108678        1.9592966713961009     
   7.9399998225271702       -9.5269379784182290E-002 -0.16436798503302574        1.9574257328080824     
   7.9599998220801353       -9.8089443111387897E-002 -0.14100316951194669        1.9557500516070603     
   7.9799998216331005      -0.10042837772822967      -0.11694673345605169        1.9543024442648145     
   7.9999998211860657      -0.10227471116060508       -9.2316673682208999E-002   1.9531112586779125     
   8.0199998207390308      -0.10361938714318074       -6.7233800631576038E-002   1.9521998201711723     
   8.0399998202919960      -0.10445581004037315       -4.1821145794395512E-002   1.9515859757473071     
   8.0599998198449612      -0.10477987719794060       -1.6203358240545914E-002   1.9512817454098823     
   8.0799998193979263      -0.10458999906650199        9.4939067841359331E-003   1.9512930873103098     
   8.0999998189508915      -0.10388710699827634        3.5144604196825344E-002   1.9516197812672849     
   8.1199998185038567      -0.10267464867880029        6.0622917328830600E-002   1.9522554329197912     
   8.1399998180568218      -0.10095857121603076        8.5803875056342502E-002   1.9531875984448794     
   8.1599998176097870       -9.8747291969780979E-002  0.11056396478378637        1.9543980274418795     
   8.1799998171627522       -9.6051657264571252E-002  0.13478173827309309        1.9558630192986128     
   8.1999998167157173       -9.2884889188408093E-002  0.15833840734729684        1.9575538861550157     
   8.2199998162686825       -8.9262520738443679E-002  0.18111842654653332        1.9594375135066802     
   8.2399998158216476       -8.5202319631626028E-002  0.20301005987851084        1.9614770075845067     
   8.2599998153746128       -8.0724201154048908E-002  0.22390592888354321        1.9636324169437582     
   8.2799998149275780       -7.5850130476475167E-002  0.24370353932588582        1.9658615142298512     
   8.2999998144805431       -7.0604014915175928E-002  0.26230578392795323        1.9681206228888917     
   8.3199998140335083       -6.5011586666546287E-002  0.27962141868150803        1.9703654726832491     
   8.3399998135864735       -5.9100276590684099E-002  0.29556551039951345        1.9725520672763295     
   8.3599998131394386       -5.2899079663023478E-002  0.31005985331340896        1.9746375468802293     
   8.3799998126924038       -4.6438412753982673E-002  0.32303335267239836        1.9765810290231485     
   8.3999998122453690       -3.9749965434217188E-002  0.33442237346319686        1.9783444108916137     
   8.4199998117983341       -3.2866544537278324E-002  0.34417105253976576        1.9798931174303831     
   8.4399998113512993       -2.5821913242097323E-002  0.35223157263203925        1.9811967804280128     
   8.4599998109042645       -1.8650625464595498E-002  0.35856439688963015        1.9822298351594134     
   8.4799998104572296       -1.1387856370729484E-002  0.36313846281007783        1.9829720227727221     
   8.4999998100101948       -4.0692298423051368E-003  0.36593133460042004        1.9834087884646900     
   8.5199998095631599        3.2693562581597915E-003  0.36692931322475569        1.9835315675495024     
   8.5399998091161251        1.0591906166448339E-002  0.36612750359801483        1.9833379537485474     
   8.5599998086690903        1.7862502775864847E-002  0.36352983859635041        1.9828317463676661     
   8.5799998082220554        2.5045483810640329E-002  0.35914905976638117        1.9820228754355329     
   8.5999998077750206        3.2105616749392191E-002  0.35300665482790650        1.9809272063022223     
   8.6199998073279858        3.9008271640638678E-002  0.34513275227664247        1.9795662275905579     
   8.6399998068809509        4.5719590962708057E-002  0.33556597360395307        1.9779666287051125     
   8.6599998064339161        5.2206655694879617E-002  0.32435324385843806        1.9761597752873890     
   8.6799998059868813        5.8437646785177579E-002  0.31154956147857354        1.9741810930164136     
   8.6999998055398464        6.4382001222818411E-002  0.29721772852537581        1.9720693719515230     
   8.7199998050928116        7.0010561949776215E-002  0.28142804263829718        1.9698660051631214     
   8.7399998046457767        7.5295720876149913E-002  0.26425795222531029        1.9676141766679769     
   8.7599998041987419        8.0211554297841936E-002  0.24579167657847337        1.9653580146545830     
   8.7799998037517071        8.4733950052324702E-002  0.22611979277830974        1.9631417266341922     
   8.7999998033046722        8.8840725788795816E-002  0.20533879141323524        1.9610087334739563     
   8.8199998028576374        9.2511737772606906E-002  0.18355060329323003        1.9590008192564528     
   8.8399998024106026        9.5728979690280422E-002  0.16086209947922409        1.9571573135676985     
   8.8599998019635677        9.8476670970475771E-002  0.13738456708055211        1.9555143221526958     
   8.8799998015165329       0.10074133418769043       0.11323316339169145        1.9541040209087834     
   8.8999998010694981       0.10251186116903091        8.8526351045742219E-002   1.9529540269332049     
   8.9199998006224632       0.10377956747979990        6.3385316955221691E-002   1.9520868588278524     
   8.9399998001754284       0.10453823502064773        3.7933377890268419E-002   1.9515194967211056     
   8.9599997997283936       0.10478414252734916        1.2295375609894868E-002   1.9512630505276511     
   8.9799997992813587       0.10451608382360414       -1.3402935486830206E-002   1.9513225428690479     
   8.9999997988343239       0.10373537373733240       -3.9035505186098822E-002   1.9516968108598522     
   9.0199997983872890       0.10244584165144265       -6.4476605735652101E-002   1.9523785286676150     
   9.0399997979402542       0.10065381272070972       -8.9601448539394710E-002   1.9533543504224076     
   9.0599997974932194        9.8368076846890931E-002 -0.11428679624544841        1.9546051707258323     
   9.0799997970461845        9.5599845564258670E-002 -0.13841156722535283        1.9561064977337228     
   9.0999997965991497        9.2362697047025710E-002 -0.16185742947944312        1.9578289316033448     
   9.1199997961521149        8.8672509508401859E-002 -0.18450938105529846        1.9597387390458552     
   9.1399997957050800        8.4547383317959426E-002 -0.20625631413230924        1.9617985128471034     
   9.1599997952580452        8.0007552219322001E-002 -0.22699156000552803        1.9639679035509634     
   9.1799997948110104        7.5075284083653618E-002 -0.24661341229565839        1.9662044090721591     
   9.1999997943639755        6.9774771685752565E-002 -0.26502562581883710        1.9684642068491160     
   9.2199997939169407        6.4132014038492974E-002 -0.28213788866925293        1.9707030122859170     
   9.2399997934699059        5.8174688867668828E-002 -0.29786626519903725        1.9728769466850791     
   9.2599997930228710        5.1932016852751228E-002 -0.31213360772260984        1.9749433976528368     
   9.2799997925758362        4.5434618299457996E-002 -0.32486993492607047        1.9768618550728170     
   9.2999997921288013        3.8714362947156661E-002 -0.33601277512553751        1.9785947061928832     
   9.3199997916817665        3.1804213647795489E-002 -0.34550747269075244        1.9801079741469638     
   9.3399997912347317        2.4738064683117393E-002 -0.35330745613094172        1.9813719853255536     
   9.3599997907876968        1.7550575513210796E-002 -0.35937446652797511        1.9823619523952567     
   9.3799997903406620        1.0277000771860743E-002 -0.36367874519635607        1.9830584614225317     
   9.3999997898936272        2.9530173425731049E-003 -0.36619917964957144        1.9834478534472446     
   9.4199997894465923       -4.3854506365360764E-003 -0.36692340715683630        1.9835224929397637     
   9.4399997889995575       -1.1702407980635078E-002 -0.36584787538228730        1.9832809178186799     
   9.4599997885525227       -1.8961965014555125E-002 -0.36297785980918984        1.9827278680587650     
   9.4799997881054878       -2.6128513611644137E-002 -0.35832743786369298        1.9818741923319216     
   9.4999997876584530       -3.3166901851625005E-002 -0.35191941986505554        1.9807366345476694     
   9.5199997872114182       -4.0042606440761665E-002 -0.34378523714103176        1.9793375045440267     
   9.5399997867643833       -4.6721902048611999E-002 -0.33396478785721156        1.9777042394753570     
   9.5599997863173485       -5.3172026730770899E-002 -0.32250624131652134        1.9758688646038400     
   9.5799997858703136       -5.9361342626204849E-002 -0.30946580168879728        1.9738673641820046     
   9.5999997854232788       -6.5259491140957693E-002 -0.29490743232933680        1.9717389748756200     
   9.6199997849762440       -7.0837541857051461E-002 -0.27890254203864628        1.9695254156846858     
   9.6399997845292091       -7.6068134436184209E-002 -0.26152963480228025        1.9672700695464893     
   9.6599997840821743       -8.0925612822187076E-002 -0.24287392472879896        1.9650171327260668     
   9.6799997836351395       -8.5386151083977735E-002 -0.22302691807457276        1.9628107486999116     
   9.6999997831881046       -8.9427870281750310E-002 -0.20208596440560217        1.9606941435089711     
   9.7199997827410698       -9.3030945783173391E-002 -0.18015377909790481        1.9587087794943043     
   9.7399997822940350       -9.6177704503209935E-002 -0.15733793951860436        1.9568935439369770     
   9.7599997818470001       -9.8852711590597941E-002 -0.13375035735895377        1.9552839884131246     
   9.7799997813999653      -0.10104284613579460      -0.10950672970749895        1.9539116336614668     
   9.7999997809529305      -0.10273736552903652       -8.4725971555868876E-002   1.9528033534654650     
   9.8199997805058956      -0.10392795815283973       -5.9529632520751607E-002   1.9519808495018827     
   9.8399997800588608      -0.10460878415048276       -3.4041300643034372E-002   1.9514602273323831     
   9.8599997796118259      -0.10477650407050339       -8.3859961884732472E-003   1.9512516817491423     
   9.8799997791647911      -0.10443029524670776        1.7310441576700055E-002   1.9513592975664718     
   9.8999997787177563      -0.10357185583334801        4.2921971627368660E-002   1.9517809697178845     
   9.9199997782707214      -0.10220539647567578        6.8322969410748335E-002   1.9525084442132479     
   9.9399997778236866      -0.10033761965672768        9.3388843034808516E-002   1.9535274791762967     
   9.9599997773766518       -9.7977686821646440E-002  0.11799664439149243        1.9548181228619073     
   9.9799997769296169       -9.5137173440793324E-002  0.14202567221717699        1.9563551032881363     
   9.9999997764825821       -9.1830012232066924E-002  0.16535806413236087        1.9581083219523090     
