   5.0154236892743830E-315  0.94952738285064697     
   5.2510457499022893E-315  0.60593938827514648     
   5.1545460930020045E-315   1.1716610193252563     
   5.2539064295169618E-315  0.58764863014221191     
   5.0717623505969253E-315   1.4696897268295288     
   5.2290196314814082E-315  0.63239800930023193     
   5.2345210919731021E-315  0.88907682895660400     
   5.1957725115010648E-315   1.2498742341995239     
   5.2466030523270073E-315   1.4884585142135620     
   5.2534366323756443E-315  0.71665060520172119     
   5.2286506830197198E-315  0.53668296337127686     
   5.0283639404682435E-315   1.0468262434005737     
   5.2492723901983584E-315  0.89079356193542480     
   5.1094547372939090E-315  0.62016725540161133     
   5.2587358223919308E-315   1.0194270610809326     
   5.0726192580530724E-315  0.60148274898529053     
   5.2380357564018618E-315  0.56986320018768311     
   5.2140355097612057E-315   1.0088396072387695     
   5.2463903076599081E-315   1.4220331907272339     
   5.2601181785437429E-315  0.83600521087646484     
   5.1313874575451003E-315   1.3249080181121826     
   5.2061243330137373E-315   1.4884963035583496     
   5.2072347554340784E-315   1.2763230800628662     
   5.1622120155628773E-315   1.4652262926101685     
   5.2251230147831616E-315  0.67365753650665283     
   5.2282249367713855E-315   1.3012232780456543     
   5.2256925143718099E-315  0.93810105323791504     
   5.2315613620777514E-315  0.94982028007507324     
   5.2161222058977291E-315   1.2831671237945557     
   5.2228013212628503E-315  0.54835546016693115     
   5.2430901072466952E-315   1.3445321321487427     
   5.1976794072677537E-315   1.4113886356353760     
   5.2336538486636441E-315  0.81198823451995850     
   5.1961223495035721E-315  0.51702880859375000     
   5.0546668887457848E-315  0.62152755260467529     
   5.2150835218091641E-315  0.86660718917846680     
   5.1614326566505015E-315  0.78735959529876709     
   5.2466373009575770E-315  0.53843760490417480     
   5.1028138626097760E-315   1.2230679988861084     
   5.2049099196562595E-315  0.57086777687072754     
   5.1050252213900581E-315   1.2459113597869873     
   5.1327574027678889E-315  0.81463193893432617     
   5.1999235720069197E-315  0.83022105693817139     
   5.2026168226555295E-315   1.1910547018051147     
   5.1401453837590372E-315  0.81830489635467529     
   5.2002751095952486E-315   1.4880542755126953     
   5.2534762564404407E-315  0.70022046566009521     
   5.2463076603586717E-315  0.95818090438842773     
   5.1727663644650930E-315  0.53248941898345947     
   5.2461398163774666E-315   1.0258601903915405     
   5.2414754414282085E-315  0.85226511955261230     
   5.1284753951032603E-315   1.4210450649261475     
   5.1953580892373332E-315  0.75684046745300293     
   5.2317698973055481E-315  0.80806148052215576     
   5.2289428932052961E-315   1.0877134799957275     
   5.1130074250147726E-315   1.4021332263946533     
   5.2441276451029618E-315   1.0316354036331177     
   5.2359130922863211E-315   1.2336266040802002     
   5.2437825106054030E-315  0.95957243442535400     
   5.1932949106255518E-315   1.1594301462173462     
   5.1142383994526990E-315   1.0016211271286011     
   5.2450855198144930E-315   1.1399847269058228     
   5.2482393186955302E-315   1.3744869232177734     
   5.2237110739804765E-315  0.81815469264984131     
   5.2301006471145088E-315   1.4634399414062500     
   5.1369492928587160E-315   1.3081760406494141     
   5.2440847404422770E-315  0.81859326362609863     
   5.2274081672083065E-315  0.50232708454132080     
   5.1349241770642903E-315   1.1433393955230713     
   5.2387873092996896E-315  0.87658190727233887     
   5.2384916208919666E-315   1.1462246179580688     
   5.1855538110360078E-315  0.73972916603088379     
   5.2517092603020283E-315   1.1606321334838867     
   5.2323718668884410E-315   1.2204750776290894     
   5.1892563389859421E-315   1.4436024427413940     
   5.1415331943955795E-315  0.64262557029724121     
   5.2386151965913044E-315  0.82481467723846436     
   5.2227446222893335E-315  0.79628753662109375     
   5.0849830729766171E-315   1.2401683330535889     
   5.1898367277814248E-315   1.3633353710174561     
   5.1860967694181615E-315  0.71759343147277832     
   5.2513412999716315E-315  0.64262211322784424     
   5.1683830140551895E-315   1.3709310293197632     
   5.2533312778173251E-315  0.89811456203460693     
   5.2206282822140596E-315  0.80065762996673584     
   5.0879190086704641E-315  0.65708410739898682     
   5.1789241615233483E-315   1.0387084484100342     
   5.2181512346920699E-315   1.1361144781112671     
   5.2288809768985593E-315  0.68808770179748535     
   4.9454475513185688E-315  0.50700342655181885     
   5.1703783278098581E-315  0.55817008018493652     
   5.2321638257262902E-315  0.87107753753662109     
   5.2303513557858345E-315  0.62034761905670166     
   5.2470785806298166E-315  0.80190122127532959     
   5.0939477162567740E-315  0.95699059963226318     
   5.1899188217291378E-315   1.0241698026657104     
   5.2505675536449925E-315  0.58550727367401123     
   5.1161161651089090E-315   1.2982760667800903     
   5.2279981211146927E-315  0.69379234313964844     
   5.0591433606486165E-315  0.98861134052276611     
