  0.98999999999999999       0.36640000000000000       0.34314258771754363     
   1.0733999999999999       0.48690000000000000       0.51260088965976902     
   1.1471000000000000       0.60180000000000000       0.65173058134238560     
   2.0000000000000000        1.6561999999999999        1.8164415817258970     
   3.0000000000000004        2.9392999999999998        2.6659487570755052     
   1.3682000000000001        1.0831000000000000        1.0210182781498964     
   7.9999999999999982        4.5164000000000000        4.7209257984143678     
   1.5156000000000001        1.3283000000000000        1.2353836048059059     
   4.9999999999999991        3.7410999999999999        3.7362012253245980     
   3.0000000000000004        2.9809999999999999        2.6659487570755052     
   4.0000000000000000        2.8237000000000001        3.2686836900701319     
   4.4181999999999997        3.1404999999999998        3.4770204943532086     
   4.8364000000000003        3.2343999999999999        3.6665015542485353     
   5.2545000000000002        4.0674000000000001        3.8402186384800521     
   5.6726999999999999        4.1660000000000004        4.0006653678920667     
   6.0909000000000013        4.4337999999999997        4.1496942341330199     
   6.5090999999999992        4.2149000000000001        4.2888228912691320     
   6.9272999999999989        4.2107999999999999        4.4192851702573455     
   7.3454999999999995        4.8235999999999999        4.5420977170684482     
   7.7636000000000012        4.7699999999999996        4.6580811665971478     
   8.1818000000000026        4.9443000000000001        4.7680049776566138     
   8.5999999999999979        4.7812000000000001        4.8724478892413146     
   9.0181999999999984        5.2488000000000001        4.9719306063139328     
   9.4364000000000008        5.1355000000000004        5.0669029834200083     
   9.8544999999999998        4.7263000000000002        5.1577350620648552     
   10.272699999999999        5.0404000000000000        5.2448127191893814     
   10.690900000000001        5.6775000000000002        5.3284152344729971     
   11.109100000000000        4.9265999999999996        5.4088093714543897     
   11.527300000000002        5.7580999999999998        5.4862323091846319     
   11.945499999999999        5.7222999999999997        5.5608958613414430     
