   0.0000000000000000       0.34906665484110516        0.0000000000000000        1.8436764885006431     
   1.9999999552965164E-002  0.34738904235849899       -8.3880626005187184E-002   1.8459254006479133     
   3.9999999105930328E-002  0.34404155218653298      -0.16737451233941092        1.8515075431566848     
   5.9999998658895493E-002  0.33903963227300088      -0.25009600126668541        1.8603199594864333     
   7.9999998211860657E-002  0.33240639989724041      -0.33166162620123862        1.8721997995514539     
   9.9999997764825821E-002  0.32417257459877119      -0.41169127412547701        1.8869269182461768     
  0.11999999731779099       0.31437638632860454      -0.48980942445642717        1.9042274347486889     
  0.13999999687075615       0.30306345690768555      -0.56564648368913450        1.9237782349072583     
  0.15999999642372131       0.29028665259113562      -0.63884023010668833        1.9452123881504884     
  0.17999999597668648       0.27610590537116336      -0.70903737684683399        1.9681254358786708     
  0.19999999552965164       0.26058800062087439      -0.77589525485705813        1.9920824901579754     
  0.21999999508261681       0.24380632879603858      -0.83908360999677001        2.0166260600901991     
  0.23999999463558197       0.22584059917686367      -0.89828650103701324        2.0412844991944707     
  0.25999999418854713       0.20677651404546116      -0.95320427787590123        2.0655809416096989     
  0.27999999374151230       0.18670540224881979       -1.0035556122632838        2.0890425693271979     
  0.29999999329447746       0.16572381177679346       -1.0490795470500716        2.1112100286562918     
  0.31999999284744263       0.14393306176833032       -1.0895375247762187        2.1316467935120627     
  0.33999999240040779       0.12143875521934003       -1.1247153525888620        2.1499482576964559     
  0.35999999195337296        9.8350254569544396E-002  -1.1544250582931925        2.1657503297778655     
  0.37999999150633812        7.4780123256959943E-002  -1.1785065919708977        2.1787373038174618     
  0.39999999105930328        5.0843537208823633E-002  -1.1968293291580359        2.1886487879614140     
  0.41999999061226845        2.6657671048169074E-002  -1.2092933350625403        2.1952854911826090     
  0.43999999016523361        2.3410644992125466E-003  -1.2158303546237526        2.1985136959543894     
  0.45999998971819878       -2.1987024960430514E-002  -1.2164045001709123        2.1982682804677460     
  0.47999998927116394       -4.6207276753595150E-002  -1.2110126167264730        2.1945541966497197     
  0.49999998882412910       -7.0200962502181732E-002  -1.1996843142443634        2.1874463576787124     
  0.51999998837709427       -9.3850595290259894E-002  -1.1824816658344328        2.1770879385277375     
  0.53999998793005943      -0.11704056638855094       -1.1594985808313654        2.1636871427187030     
  0.55999998748302460      -0.13965776330192664       -1.1308598709454722        2.1475125353731745     
  0.57999998703598976      -0.16159216353639611       -1.0967200362370757        2.1288870844449894     
  0.59999998658895493      -0.18273739916162918       -1.0572618048932969        2.1081810867560686     
  0.61999998614192009      -0.20299128803773966       -1.0126944664410096        2.0858041816972470     
  0.63999998569488525      -0.22225632844476484      -0.96325204188161961        2.0621966723861651     
  0.65999998524785042      -0.24044015476161401      -0.90919133616446823        2.0378203815254539     
  0.67999998480081558      -0.25745595274954003      -0.85078991841293838        2.0131492676256100     
  0.69999998435378075      -0.27322283386645302      -0.78834407346651325        1.9886600176358791     
  0.71999998390674591      -0.28766616883913476      -0.72216676477577313        1.9648228157716026     
  0.73999998345971107      -0.30071788142198280      -0.65258564372882766        1.9420924671238602     
  0.75999998301267624      -0.31231670385056159      -0.57994113439163464        1.9209000302981443     
  0.77999998256564140      -0.32240839593974013      -0.50458461573727309        1.9016450876420044     
  0.79999998211860657      -0.33094593007009521      -0.42687671605919275        1.8846887562232419     
  0.81999998167157173      -0.33788964444978981      -0.34718572674493620        1.8703475189884129     
  0.83999998122453690      -0.34320736703584059      -0.26588613524555638        1.8588879345122584     
  0.85999998077750206      -0.34687451235784722      -0.18335727019868611        1.8505222661139074     
  0.87999998033046722      -0.34887415322316429       -9.9982045500624867E-002   1.8454050571511638     
  0.89999997988343239      -0.34919706891365460       -1.6145784885401249E-002   1.8436306689258692     
  0.91999997943639755      -0.34784177103245317        6.7764895574735667E-002   1.8452317904257247     
  0.93999997898936272      -0.34481450764900573       0.15136317255560239        1.8501789244008380     
  0.95999997854232788      -0.34012924584816845       0.23426309527805103        1.8583808511307742     
  0.97999997809529305      -0.33380763224142979       0.31608068740188577        1.8696860686567225     
  0.99999997764825821      -0.32587893047255911       0.39643509730454846        1.8838852051658461     
   1.0199999772012234      -0.31637993427278810       0.47494982060450697        1.9007143945932607     
   1.0399999767541885      -0.30535485421716491       0.55125401510264838        1.9198595994470766     
   1.0599999763071537      -0.29285517602694033       0.62498392348070841        1.9409618546608274     
   1.0799999758601189      -0.27893948807265151       0.69578441326643503        1.9636233925042959     
   1.0999999754130840      -0.26367327567497173       0.76331063694531176        1.9874145911359091     
   1.1199999749660492      -0.24712867988669632       0.82722980790379774        2.0118816685236851     
   1.1399999745190144      -0.22938421867526146       0.88722308040272435        2.0365550198489077     
   1.1599999740719795      -0.21052446881066264       0.94298751430735483        2.0609580711647570     
   1.1799999736249447      -0.19063970729169727       0.99423809817122133        2.0846164963734943     
   1.1999999731779099      -0.16982551180047073        1.0407097978230040        2.1070676201354472     
   1.2199999727308750      -0.14818232044078192        1.0821595921725919        2.1278698079148182     
   1.2399999722838402      -0.12581495186386732        1.1183684538432128        2.1466116278147416     
   1.2599999718368053      -0.10283208778324472        1.1491432297164825        2.1629205588532687     
   1.2799999713897705       -7.9345720793238872E-002   1.1743183757483537        2.1764710183094471     
   1.2999999709427357       -5.5470571294947951E-002   1.1937575015971054        2.1869914877371022     
   1.3199999704957008       -3.1323478160163815E-002   1.2073546837256872        2.1942705336825830     
   1.3399999700486660       -7.0227684908728029E-003   1.2150355106227106        2.1981615449159402     
   1.3599999696016312        1.7312387574139342E-002   1.2167578304472642        2.1985860423114194     
   1.3799999691545963        4.1562630621348622E-002   1.2125121794622231        2.1955354589914355     
   1.3999999687075615        6.5609067658144768E-002   1.2023218787137955        2.1890713350414499     
   1.4199999682605267        8.9333923050107469E-002   1.1862427961127278        2.1793239206748405     
   1.4399999678134918       0.11262117814775577        1.1643627809079509        2.1664892316167719     
   1.4599999673664570       0.13535719338038263        1.1368007870408208        2.1508246480993454     
   1.4799999669194221       0.15743130709845168        1.1037057105731978        2.1326431918082913     
   1.4999999664723873       0.17873640610005703        1.0652549738905721        2.1123066513452415     
   1.5199999660253525       0.19916946355056148        1.0216528953609434        2.0902177547272562     
   1.5399999655783176       0.21863204086236418       0.97312888734126124        2.0668116061992459     
   1.5599999651312828       0.23703075100568138       0.91993552772802234        2.0425466138927151     
   1.5799999646842480       0.25427768163246489       0.86234655061412280        2.0178951349607632     
   1.5999999642372131       0.27029077727669976       0.80065480010777168        1.9933340566467315     
   1.6199999637901783       0.28499418071101901       0.73517018814829749        1.9693355166405191     
   1.6399999633431435       0.29831853426217825       0.66621769244908924        1.9463579456866575     
   1.6599999628961086       0.31020124249249964       0.59413542479603210        1.9248375915308329     
   1.6799999624490738       0.32058669812341245       0.51927279315229169        1.9051806577305390     
   1.6999999620020390       0.32942647339992531       0.44198877370486084        1.8877561652854566     
   1.7199999615550041       0.33667947926723057       0.36265030147112765        1.8728896208985049     
   1.7399999611079693       0.34231209475503327       0.28163078068507241        1.8608575540735230     
   1.7599999606609344       0.34629826884984588       0.19930870919552629        1.8518829669357644     
   1.7799999602138996       0.34861959689378502       0.11606640479124446        1.8461317259864400     
   1.7999999597668648       0.34926537319810652        3.2288815937785653E-002   1.8437099139571549     
   1.8199999593198299       0.34823262112211312       -5.1637604953860869E-002   1.8446621521586555     
   1.8399999588727951       0.34552610136716111      -0.13532599077237284        1.8489708985783797     
   1.8599999584257603       0.34115829869714331      -0.21839013838228860        1.8565567236106808     
   1.8799999579787254       0.33514938674799089      -0.30044560417310473        1.8672795626972265     
   1.8999999575316906       0.32752717005665766      -0.38111084308515225        1.8809409422471597     
   1.9199999570846558       0.31832700195150382      -0.46000841553968208        1.8972871709552357     
   1.9399999566376209       0.30759167652648300      -0.53676628324870312        1.9160134821069899     
   1.9599999561905861       0.29537129259450934      -0.61101921025602712        1.9367691029058083     
   1.9799999557435513       0.28172308730138612      -0.68241027990921821        1.9591632137893245     
   1.9999999552965164       0.26671123699754329      -0.75059253196919351        1.9827717439525785     
   2.0199999548494816       0.25040662302282202      -0.81523071695788896        2.0071449290560825     
   2.0399999544024467       0.23288656026660015      -0.87600315739128953        2.0318155339457729     
   2.0599999539554119       0.21423448672260065      -0.93260369804529242        2.0563076181061479     
   2.0799999535083771       0.19453961275920831      -0.98474372018035405        2.0801456958104354     
   2.0999999530613422       0.17389652945970449       -1.0321541880456346        2.1028641181039189     
   2.1199999526143074       0.15240477613348202       -1.0745876903300298        2.1240164816213030     
   2.1399999521672726       0.13016836793367767       -1.1118204348413412        2.1431848516149294     
   2.1599999517202377       0.10729528540790631       -1.1436541518512306        2.1599885751885037     
   2.1799999512732029        8.3896928721738540E-002  -1.1699178604580902        2.1740924570806026     
   2.1999999508261681        6.0087540191314674E-002  -1.1904694531302591        2.1852140755262535     
   2.2199999503791332        3.5983599603216156E-002  -1.2051970563431793        2.1931300303327621     
   2.2399999499320984        1.1703197548743969E-002  -1.2140201298590738        2.1976809393245276     
   2.2599999494850636       -1.2634607378355263E-002  -1.2168902735545788        2.1987750320833452     
   2.2799999490380287       -3.6910441206112608E-002  -1.2137917185182263        2.1963902301489289     
   2.2999999485909939       -6.1005270428863667E-002  -1.2047414880656238        2.1905746487059563     
   2.3199999481439590       -8.4801054375727714E-002  -1.1897892239370640        2.1814455039966218     
   2.3399999476969242      -0.10818138750890183       -1.1690166827882651        2.1691864607292488     
   2.3599999472498894      -0.13103212535182174       -1.1425369176836864        2.1540435020080140     
   2.3799999468028545      -0.15324198821924628       -1.1104931681926844        2.1363194483286461     
   2.3999999463558197      -0.17470313754865799       -1.0730574904552892        2.1163672898392076     
   2.4199999459087849      -0.19531172038561079       -1.0304291648795270        2.0945825257050394     
   2.4399999454617500      -0.21496837842019828      -0.98283292369740216        2.0713947249839126     
   2.4599999450147152      -0.23357871886990245      -0.93051704328388540        2.0472585344944121     
   2.4799999445676804      -0.25105374541689540      -0.87375134687951106        2.0226443609657503     
   2.4999999441206455      -0.26731024829756000      -0.81282516220128898        1.9980289480831879     
   2.5199999436736107      -0.28227115347354881      -0.74804527551955435        1.9738860551525634     
   2.5399999432265759      -0.29586583155645096      -0.67973391933834559        1.9506774245972811     
   2.5599999427795410      -0.30803036778697512      -0.60822682512113557        1.9288442021525016     
   2.5799999423325062      -0.31870779486568929      -0.53387136586866180        1.9087989482483416     
   2.5999999418854713      -0.32784829078372818      -0.45702480611724638        1.8909183533854055     
   2.6199999414384365      -0.33540934400316735      -0.37805266942209548        1.8755367457898304     
   2.6399999409914017      -0.34135588838914965      -0.29732722594489613        1.8629404574718573     
   2.6599999405443668      -0.34566041020648625      -0.21522609567750839        1.8533630958204013     
   2.6799999400973320      -0.34830302927479645      -0.13213095636886635        1.8469817524800691     
   2.6999999396502972      -0.34927155604528071       -4.8426339606627136E-002   1.8439141695313235     
   2.7199999392032623      -0.34856152593962114        3.5501506076499129E-002   1.8442168746352436     
   2.7399999387562275      -0.34617621180080699       0.11926570960650314        1.8478842912194764     
   2.7599999383091927      -0.34212661477246686       0.20247985594278439        1.8548488261458076     
   2.7799999378621578      -0.33643143337435111       0.28475907627065034        1.8649819346285201     
   2.7999999374151230      -0.32911701000420329       0.36572117668189719        1.8780961594056049     
   2.8199999369680882      -0.32021725359730646       0.44498783029109534        1.8939481372489966     
   2.8399999365210533      -0.30977353674030422       0.52218585452187483        1.9122425598738144     
   2.8599999360740185      -0.29783456518938217       0.59694859088894292        1.9326370673811075     
   2.8799999356269836      -0.28445621750572581       0.66891739913428783        1.9547480400006001     
   2.8999999351799488      -0.26970135241095422       0.73774327122842731        1.9781572378549177     
   2.9199999347329140      -0.25363958149516991       0.80308856373964255        2.0024192188657222     
   2.9399999342858791      -0.23634700508838208       0.86462883966535264        2.0270694422681901     
   2.9599999338388443      -0.21790590943448634       0.92205480330431733        2.0516329403792599     
   2.9799999333918095      -0.19840442378143333       0.97507430444725995        2.0756334155175749     
   2.9999999329447746      -0.17793613661066818        1.0234143814133516        2.0986025938335855     
   3.0199999324977398      -0.15659967095561156        1.0668233065981907        2.1200896450136799     
   3.0399999320507050      -0.13449821957869454        1.1050725935461487        2.1396704581912060     
   3.0599999316036701      -0.11173904165938617        1.1379589214007828        2.1569565516892002     
   3.0799999311566353       -8.8432923557318036E-002   1.1653059311500240        2.1716033889825974     
   3.0999999307096004       -6.4693607117493723E-002   1.1869658485219694        2.1833178766893258     
   3.1199999302625656       -4.0637189839873529E-002   1.2028208907661517        2.1918648331764836     
   3.1399999298155308       -1.6381502005287030E-002   1.2127844188371690        2.1970722386073165     
   3.1599999293684959        7.9545335015725957E-003   1.2168018025406211        2.1988351084240318     
   3.1799999289214611        3.2251552433726426E-002   1.2148509737617268        2.1971178711910633     
   3.1999999284744263        5.6390404926986389E-002   1.2069426516402686        2.1919551766687326     
   3.2199999280273914        8.0252809055108454E-002   1.1931202330744184        2.1834511087466866     
   3.2399999275803566       0.10372199556602885        1.1734593517748801        2.1717768279430292     
   3.2599999271333218       0.12668333742827798        1.1480671187737561        2.1571667169693378     
   3.2799999266862869       0.14902495825597625        1.1170810663536213        2.1399131478740716     
   3.2999999262392521       0.17063831428036927        1.0806678253744586        2.1203600283002793     
   3.3199999257922173       0.19141874526743638        1.0390215725772969        2.0988953156765096     
   3.3399999253451824       0.21126599061095203       0.99236228935680726        2.0759427105243651     
   3.3599999248981476       0.23008466772117875       0.94093387654284677        2.0519527529705863     
   3.3799999244511127       0.24778471074234748       0.88500217083977661        2.0273935500950402     
   3.3999999240040779       0.26428176852905233       0.82485290777214226        2.0027413566175500     
   3.4199999235570431       0.27949756165695772       0.76078967340024484        1.9784712188081615     
   3.4399999231100082       0.29336019900518295       0.69313188290396699        1.9550478729413103     
   3.4599999226629734       0.30580445510013887       0.62221281865533495        1.9329170668621425     
   3.4799999222159386       0.31677200993339760       0.54837775392013477        1.9124974481119017     
   3.4999999217689037       0.32621165334600843       0.47198218118016422        1.8941731363077365     
   3.5199999213218689       0.33407945630193114       0.39339015658909182        1.8782870726284837     
   3.5399999208748341       0.34033891145390710       0.31297276459428480        1.8651352165669703     
   3.5599999204277992       0.34496104534217287       0.23110669957892660        1.8549616404621394     
   3.5799999199807644       0.34792450437144312       0.14817295477543621        1.8479545562291175     
   3.5999999195337296       0.34921561640071758        6.4555602906653242E-002   1.8442432962881936     
   3.6199999190866947       0.34882842937373942       -1.9359351781623513E-002   1.8438962617245580     
   3.6399999186396599       0.34676472793839913      -0.10318507407337993        1.8469198446500428     
   3.6599999181926250       0.34303402847628506      -0.18653497727508619        1.8532583277997916     
   3.6799999177455902       0.33765355241555417      -0.26902380904969642        1.8627947616211067     
   3.6999999172985554       0.33064817715856176      -0.35026877067873841        1.8753528164462676     
   3.7199999168515205       0.32205036344728905      -0.42989069517244066        1.8906996037248394     
   3.7399999164044857       0.31190005754063399      -0.50751530667660372        1.9085494547384037     
   3.7599999159574509       0.30024456621241585      -0.58277457943693356        1.9285686369035322     
   3.7799999155104160       0.28713840231925436      -0.65530820930535383        1.9503809760915052     
   3.7999999150633812       0.27264309855167523      -0.72476520457872118        1.9735743380575681     
   3.8199999146163464       0.25682698698398332      -0.79080559606047696        1.9977079031283613     
   3.8399999141693115       0.23976494218770544      -0.85310225888221591        2.0223201461721665     
   3.8599999137222767       0.22153808597304814      -0.91134283110296443        2.0469374093863717     
   3.8799999132752419       0.20223345226982473      -0.96523170673578029        2.0710829297560327     
   3.8999999128282070       0.18194361124396294       -1.0144920739687537        2.0942861576508363     
   3.9199999123811722       0.16076625245153123       -1.0588679632891294        2.1160921796415351     
   3.9399999119341373       0.13880372763622281       -1.0981262653104560        2.1360710390445039     
   3.9599999114871025       0.11616255464956318       -1.1320586746364649        2.1538267337268846     
   3.9799999110400677        9.2952884882087097E-002  -1.1604835143126320        2.1690056639253803     
   3.9999999105930328        6.9287937501305394E-002  -1.1832473954867255        2.1813043045171008     
   4.0199999101459980        4.5283404659744383E-002  -1.2002266689052072        2.1904758871306766     
   4.0399999096989632        2.1056832625327905E-002  -1.2113286287961287        2.1963358979266099     
   4.0599999092519283       -3.2730155390453819E-003  -1.2164924354093891        2.1987662263992753     
   4.0799999088048935       -2.7586809591133511E-002  -1.2156897297771894        2.1977178381089821     
   4.0999999083578587       -5.1765307506761248E-002  -1.2089249228029646        2.1932118881997011     
   4.1199999079108238       -7.5690009975823952E-002  -1.1962351501910744        2.1853392407712406     
   4.1399999074637890       -9.9243807340227863E-002  -1.1776898945436163        2.1742584091994481     
   4.1599999070167542      -0.12231161253863450       -1.1533902857006137        2.1601919817389352     
   4.1799999065697193      -0.14478097402871068       -1.1234680996152777        2.1434216426655688     
   4.1999999061226845      -0.16654266322830730       -1.0880844843004143        2.1242819395433421     
   4.2199999056756496      -0.18749123172565019       -1.0474284482789953        2.1031529800824833     
   4.2399999052286148      -0.20752553432238782       -1.0017151522269596        2.0804522661977418     
   4.2599999047815800      -0.22654921485541202      -0.95118404791183031        2.0566258876115202     
   4.2799999043345451      -0.24447115265509134      -0.89609691001329228        2.0321393026540751     
   4.2999999038875103      -0.26120586840047988      -0.83673580597192931        2.0074679303743466     
   4.3199999034404755      -0.27667388898988088      -0.77340104675690957        1.9830877667864613     
   4.3399999029934406      -0.29080207182535267      -0.70640915756306355        1.9594662205243956     
   4.3599999025464058      -0.30352388958498483      -0.63609090219934628        1.9370533410891413     
   4.3799999020993710      -0.31477967710575477      -0.56278938861782157        1.9162735880677073     
   4.3999999016523361      -0.32451684240782763      -0.48685827598577436        1.8975182639457810     
   4.4199999012053013      -0.33269004415039027      -0.40866009626239824        1.8811387080107018     
   4.4399999007582664      -0.33926133791824553      -0.32856469573675612        1.8674403256555796     
   4.4599999003112316      -0.34420029370235594      -0.24694779472523443        1.8566775071112422     
   4.4799998998641968      -0.34748408676682635      -0.16418965689344553        1.8490494728329292     
   4.4999998994171619      -0.34909756380478529       -8.0673853701148615E-002   1.8446970696514853     
   4.5199998989701271      -0.34903328589562599        3.2138955298002952E-003   1.8437005321996054     
   4.5399998985230923      -0.34729154930863360        8.7086831296161765E-002   1.8460782175580872     
   4.5599998980760574      -0.34388038467804316       0.17055823534179496        1.8517863167907871     
   4.5799998976290226      -0.33881553452846569       0.25324251313928448        1.8607195441177102     
   4.5999998971819878      -0.33212040858455627       0.33475630467785777        1.8727128018723713     
   4.6199998967349529      -0.32382601578192061       0.41471964940148986        1.8875438160361730     
   4.6399998962879181      -0.31397087143389674       0.49275722841517716        1.9049367320327137     
   4.6599998958408833      -0.30260087762574189       0.56849970311470022        1.9245666527339853     
   4.6799998953938484      -0.28976917462622537       0.64158516431637302        1.9460650896325553     
   4.6999998949468136      -0.27553596094575178       0.71166069993053682        1.9690262835092245     
   4.7199998944997787      -0.25996827964491592       0.77838408244003165        1.9930143326542060     
   4.7399998940527439      -0.24313976861791764       0.84142557015724084        2.0175710451360453     
   4.7599998936057091      -0.22513037284601634       0.90046980872213433        2.0422244074966920     
   4.7799998931586742      -0.20602601703541401       0.95521781188089849        2.0664975366927716     
   4.7999998927116394      -0.18591823761320991        1.0053889935824005        2.0899179565328612     
   4.8199998922646046      -0.16490377373918147        1.0507232171869161        2.1120270159502370     
   4.8399998918175697      -0.14308411777833704        1.0909828224275882        2.1323892460030986     
   4.8599998913705349      -0.12056502654166174        1.1259545870008114        2.1506014373096360     
   4.8799998909235001       -9.7455995507397544E-002   1.1554515775395646        2.1663012113508513     
   4.8999998904764652       -7.3869699146025286E-002   1.1793148444283537        2.1791748590529929     
   4.9199998900294304       -4.9921401350313241E-002   1.1974149165499111        2.1889642291928788     
   4.9399998895823956       -2.5728340778773909E-002   1.2096530556148193        2.1954724677962747     
   4.9599998891353607       -1.4090966200658792E-003   1.2159622351142754        2.1985684375380572     
   4.9799998886883259        2.2917059155160017E-002   1.2163078159478931        2.1981896822742897     
   4.9999998882412910        4.7130816596168072E-002   1.2106878991113861        2.1943438447062706     
   5.0199998877942562        7.1113482962141372E-002   1.1991333451013841        2.1871084927521998     
   5.0399998873472214        9.4747631623202822E-002   1.1817074594662926        2.1766293600785036     
   5.0599998869001865       0.11791773817993889        1.1585053537314161        2.1631170558361101     
   5.0799998864531517       0.14051079768054772        1.1296530002801541        2.1468423453953394     
   5.0999998860061169       0.16241691735562111        1.0953060082356663        2.1281301454356321     
   5.1199998855590820       0.18352987997509293        1.0556481545691656        2.1073524111796984     
   5.1399998851120472       0.20374767372819702        1.0108897102503496        2.0849201194565792     
   5.1599998846650124       0.22297298539918445       0.96126560503533198        2.0612745678444617     
   5.1799998842179775       0.24111365452059133       0.90703347634412257        2.0368782172375157     
   5.1999998837709427       0.25808308709337591       0.84847164760404858        2.0122053032730363     
   5.2199998833239079       0.27380062833239860       0.78587707951685626        1.9877324321519452     
   5.2399998828768730       0.28819189469315398       0.71956333412126261        1.9639293599090801     
   5.2599998824298382       0.30118906613294461       0.64985858651500106        1.9412501328333753     
   5.2799998819828033       0.31273114013430220       0.57710371296715246        1.9201247423149712     
   5.2999998815357685       0.32276414945444332       0.50165047721981659        1.9009514216918011     
   5.3199998810887337       0.33124134585269843       0.42385982938675992        1.8840896873101802     
   5.3399998806416988       0.33812335218565914       0.34410032433927618        1.8698542023689990     
   5.3599998801946640       0.34337828525102071       0.26274665914092410        1.8585095212176537     
   5.3799998797476292       0.34698185161524536       0.18017832223853092        1.8502657542807535     
   5.3999998793005943       0.34891741839170348        9.6778340986070327E-002   1.8452751799592497     
   5.4199998788535595       0.34917606056351558        1.2932108879659815E-002   1.8436298196102492     
   5.4399998784065247       0.34775658599090498       -7.0973730216917247E-002   1.8453599846094291     
   5.4599998779594898       0.34466553873098110      -0.15455236645070786        1.8504337998510536     
   5.4799998775124550       0.33991718075469241      -0.23741790412113883        1.8587577049389827     
   5.4999998770654202       0.33353345159830383      -0.31918646495380154        1.8701779317411893     
   5.5199998766183853       0.32554390496237434      -0.39947734072548952        1.8844829538523906     
   5.5399998761713505       0.31598562079638121      -0.47791421898187081        1.9014068988100488     
   5.5599998757243156       0.30490309100696905      -0.55412650185629997        1.9206339067401126     
   5.5799998752772808       0.29234807662513890      -0.62775073312283125        1.9418034087770155     
   5.5999998748302460       0.27837943408230909      -0.69843214275266552        1.9645162846880750     
   5.6199998743832111       0.26306290819291678      -0.76582631158716619        1.9883418415467795     
   5.6399998739361763       0.24647088953319146      -0.82960095152929214        2.0128255343232513     
   5.6599998734891415       0.22868213414752686      -0.88943778916371385        2.0374973255599618     
   5.6799998730421066       0.20978144390497599      -0.94503453325071129        2.0618805559177500     
   5.6999998725950718       0.18985930636168255      -0.99610689942939623        2.0855011716854643     
   5.7199998721480370       0.16901149364665222       -1.0423906590507634        2.1078971309791945     
   5.7399998717010021       0.14733862065761549       -1.0836436736731592        2.1286277891016332     
   5.7599998712539673       0.12494566370414102       -1.1196478726998036        2.1472830472003501     
   5.7799998708069324       0.10194144163465950       -1.1502111291832984        2.1634920386444496     
   5.7999998703598976        7.8438062396706684E-002  -1.1751689881647145        2.1769311258451740     
   5.8199998699128628        5.4550338867191184E-002  -1.1943862031723869        2.1873309875719635     
   5.8399998694658279        3.0395178613100229E-002  -1.2077580397000436        2.1944825936180750     
   5.8599998690187931        6.0909529656587927E-003  -1.2152113095341612        2.1982418897890574     
   5.8799998685717583       -1.8243148620844144E-002  -1.2167051065206251        2.1985330508171148     
   5.8999998681247234       -4.2487772528275167E-002  -1.2122312224670302        2.1953502005210579     
   5.9199998676776886       -6.6524056611050583E-002  -1.2018142310014122        2.1887575453800165     
   5.9399998672306538       -9.0234280819483634E-002  -1.1855112369198935        2.1788879173208668     
   5.9599998667836189      -0.11350250626713540       -1.1634112983868576        2.1659397713695396     
   5.9799998663365841      -0.13621519653599604       -1.1356345388264417        2.1501727313032704     
   5.9999998658895493      -0.15826181552342464       -1.1023309740104472        2.1319018191662460     
   6.0199998654425144      -0.17953539679397854       -1.0636790873027748        2.1114905404432021     
   6.0399998649954796      -0.19993308017677638       -1.0198841919360810        2.0893430243039934     
   6.0599998645484447      -0.21935661220935329      -0.97117662333633503        2.0658954367237925     
   6.0799998641014099      -0.23771280793388913      -0.91780980674143953        2.0416068931806621     
   6.0999998636543751      -0.25491397246245451      -0.86005824565206801        2.0169500973924452     
   6.1199998632073402      -0.27087828160717459      -0.79821547507751012        1.9924019240900450     
   6.1399998627603054      -0.28553012168481789      -0.73259202025687342        1.9684341484865833     
   6.1599998623132706      -0.29880038932380437      -0.66351339678000520        1.9455045045449424     
   6.1799998618662357      -0.31062675270128465      -0.59131818209100584        1.9240482301714932     
   6.1999998614192009      -0.32095387610151238      -0.51635618155284757        1.9044702318728983     
   6.2199998609721661      -0.32973361000371643      -0.43898670492231934        1.8871379758727529     
   6.2399998605251312      -0.33692514907429599      -0.35957696156614893        1.8723751886191533     
   6.2599998600780964      -0.34249516045701783      -0.27850057536106376        1.8604564281237879     
   6.2799998596310616      -0.34641788463442819      -0.19613621325450231        1.8516025693887423     
   6.2999998591840267      -0.34867521088747783      -0.11286631517524202        1.8459772326438166     
   6.3199998587369919      -0.34925672902630439       -2.9075907591225289E-002   1.8436841722056627     
   6.3399998582899570      -0.34815975862463405        5.4848521309476067E-002   1.8447656361128359     
   6.3599998578429222      -0.34538935648743785       0.13852010995597697        1.8492017016356832     
   6.3799998573958874      -0.34095830254222664       0.22155270221264919        1.8569105884377954     
   6.3999998569488525      -0.33488706379567496       0.30356194411272269        1.8677499485675688     
   6.4199998565018177      -0.32720373546636417       0.38416642505232951        1.8815191295178155     
   6.4399998560547829      -0.31794395791807206       0.46298888776321334        1.8979624022690471     
   6.4599998556077480      -0.30715080760164976       0.53965752788340104        1.9167731395993894     
   6.4799998551607132      -0.29487465989046763       0.61380739927877070        1.9375989202625308     
   6.4999998547136784      -0.28117302148510731       0.68508193558078978        1.9600475214275719     
   6.5199998542666435      -0.26611032998408857       0.75313459188480814        1.9836937448851184     
   6.5399998538196087      -0.24975771828102711       0.81763060342854077        2.0080870021600683     
   6.5599998533725739      -0.23219274166143980       0.87824885060975677        2.0327595604255815     
   6.5799998529255390      -0.21349906583513786       0.93468381220690799        2.0572353259560749     
   6.5999998524785042      -0.19376611464695873       0.98664758146224918        2.0810390161046195     
   6.6199998520314693      -0.17308867684689347        1.0338719131121006        2.1037055460322458     
   6.6399998515844345      -0.15156647205118265        1.0761102638384803        2.1247894344207374     
   6.6599998511373997      -0.12930367686310468        1.1131397842845117        2.1438740149846098     
   6.6799998506903648      -0.10640841301493026        1.1447632179961731        2.1605802294864080     
   6.6999998502433300       -8.2992200305562203E-002   1.1708106616380600        2.1745747746299320     
   6.7199998497962952       -5.9169378003739379E-002   1.1911411417152205        2.1855773807435823     
   6.7399998493492603       -3.5056499225541535E-002   1.2056439658581348        2.1933670151384637     
   6.7599998489022255       -1.0771703539699647E-002   1.2142398114324691        2.1977868273958312     
   6.7799998484551907        1.3565926329379904E-002   1.2168815206533992        2.1987476869236078     
   6.7999998480081558        3.7837017371882602E-002   1.2135545792501934        2.1962302036123371     
   6.8199998475611210        6.1922562127272957E-002   1.2042772646872124        2.1902851684549005     
   6.8399998471140862        8.5704570787340228E-002   1.1891004595818304        2.1810324002860000     
   6.8599998466670513       0.10906671298125656        1.1681071358050452        2.1686580348084634     
   6.8799998462200165       0.13189494295761534        1.1414115243304750        2.1534103402095615     
   6.8999998457729816       0.15407810235683317        1.1091579947525052        2.1355941874831634     
   6.9199998453259468       0.17550849540003485        1.0715196761104155        2.1155643409478886     
   6.9399998448789120       0.19608243207793891        1.0286968568883696        2.0937177637594533     
   6.9599998444318771       0.21570073577056181       0.98091520655630893        2.0704851534226263     
   6.9799998439848423       0.23426921262792427       0.92842386362001361        2.0463219330222531     
   6.9999998435378075       0.25169908095455418       0.87149343581089045        2.0216989253553934     
   7.0199998430907726       0.26790735972867008       0.81041395681995887        1.9970929301704727     
   7.0399998426437378       0.28281721621561451       0.74549284101028557        1.9729774105824882     
   7.0599998421967030       0.29635827337392007       0.67705287304858974        1.9498134750427072     
   7.0799998417496681       0.30846687837645170       0.60543026365900332        1.9280413177820783     
   7.0999998413026333       0.31908633405983927       0.53097279603754621        1.9080722552321627     
   7.1199998408555984       0.32816709546109196       0.45403808021117653        1.8902814702581441     
   7.1399998404085636       0.33566693379581319       0.37499192511778490        1.8750015515928418     
   7.1599998399615288       0.34155107027922676       0.29420683074671250        1.8625168938062726     
   7.1799998395144939       0.34579228209664931       0.21206059561104973        1.8530590042862853     
   7.1999998390674591       0.34837098260674870       0.12893502838689330        1.8468027484612373     
   7.2199998386204243       0.34927527752604842        4.5214746975613104E-002   1.8438635529063041     
   7.2399998381733894       0.34850099841748028       -3.8713956293731477E-002   1.8442955777346062     
   7.2599998377263546       0.34605171431298515      -0.12246420796204485        1.8480908641805265     
   7.2799998372793198       0.34193872176584139      -0.20564963195381594        1.8551794597022433     
   7.2999998368322849       0.33618101307940479      -0.28788544075657024        1.8654305202753036     
   7.3199998363852501       0.32880522192251888      -0.36878956608738434        1.8786543867570564     
   7.3399998359382153       0.31984554504489643      -0.44798385389434098        1.8946056282219081     
   7.3599998354911804       0.30934363837403833      -0.52509534527969903        1.9129870390433605     
   7.3799998350441456       0.29734848543255737      -0.59975766047967727        1.9334545674497157     
   7.3999998345971107       0.28391623578216718      -0.67161249753121799        1.9556231407737352     
   7.4199998341500759       0.26911001109553395      -0.74031125087890692        1.9790733364307604     
   7.4399998337030411       0.25299967649268906      -0.80551674814694740        2.0033588279301435     
   7.4599998332560062       0.23566157496257389      -0.86690509588259757        2.0280145124691682     
   7.4799998328089714       0.21717822302442558      -0.92416761756417132        2.0525652017772353     
   7.4999998323619366       0.19763796626357533      -0.97701285988045150        2.0765347321239807     
   7.5199998319149017       0.17713459399054030       -1.0251686365660562        2.0994553243224177     
   7.5399998314678669       0.15576691300302417       -1.0683840732560508        2.1208770018894376     
   7.5599998310208321       0.13363828125318622       -1.1064316122225706        2.1403768570902244     
   7.5799998305737972       0.11085610310722366       -1.1391089327591970        2.1575679421444849     
   7.5999998301267624        8.7531288796346612E-002  -1.1662407416113640        2.1721075579477453     
   7.6199998296797276        6.3777681560003047E-002  -1.1876803883639038        2.1837047164314143     
   7.6399998292326927        3.9711456834923387E-002  -1.2033112631500855        2.1921265658264550     
   7.6599998287856579        1.5450498609213711E-002  -1.2130479383992181        2.1972035906907892     
   7.6799998283386230       -8.8862412957407301E-003  -1.2168370224461489        2.1988334300525292     
   7.6999998278915882       -3.3179394761514353E-002  -1.2146577004383965        2.1969831962164048     
   7.7199998274445534       -5.7309833157307144E-002  -1.2065219467575063        2.1916902219151626     
   7.7399998269975185       -8.1159320678449359E-002  -1.1924744027109906        2.1830612123447519     
   7.7599998265504837      -0.10461115861611817       -1.1725919230929120        2.1712698286974623     
   7.7799998261034489      -0.12755081420095213       -1.1469828048787614        2.1565527785013545     
   7.7999998256564140      -0.14986652810913120       -1.1157857203487083        2.1392045328955542     
   7.8199998252093792      -0.17144989532465821       -1.0791683848976441        2.1195708297269338     
   7.8399998247623444      -0.19219641478756722       -1.0373259963314931        2.0980411523129741     
   7.8599998243153095      -0.21200600409066597      -0.99047948729388013        2.0750403957238310     
   7.8799998238682747      -0.23078347637978502      -0.93887363544141333        2.0510199449768240     
   7.8999998234212399      -0.24843897752556196      -0.88277507702040781        2.0264483927319028     
   7.9199998229742050      -0.26488838253041813      -0.82247026862645078        2.0018021186369124     
   7.9399998225271702      -0.28005365097701651      -0.75826343927842865        1.9775559395952536     
   7.9599998220801353      -0.29386314208270936      -0.69047457071795271        1.9541740214708319     
   7.9799998216331005      -0.30625189057225810      -0.61943743832294196        1.9321012198688683     
   7.9999998211860657      -0.31716184509864420      -0.54549773851212913        1.9117549924546164     
   8.0199998207390308      -0.32654207131597340      -0.46901132134968077        1.8935179995285112     
   8.0399998202919960      -0.33434892193296689      -0.39034253957451109        1.8777314847940907     
   8.0599998198449612      -0.34054617615053590      -0.30986271780442043        1.8646895056665469     
   8.0799998193979263      -0.34510515081872228      -0.22794873850436995        1.8546340629516154     
   8.0999998189508915      -0.34800478544854652      -0.14498173473180731        1.8477511637702058     
   8.1199998185038567      -0.34923170289937228       -6.1345873912474619E-002   1.8441678393254328     
   8.1399998180568218      -0.34878024715244055        2.2572787851128318E-002   1.8439501302626271     
   8.1599998176097870      -0.34665249909939727       0.10638740503010857        1.8471020464093908     
   8.1799998171627522      -0.34285827074624609       0.18971142189794110        1.8535655038074872     
   8.1999998167157173      -0.33741507768486989       0.27215965915205115        1.8632212391965501     
   8.2199998162686825      -0.33034808914331132       0.35334943497590499        1.8758906994271092     
   8.2399998158216476      -0.32169005441940585       0.43290174587138136        1.8913388996073621     
   8.2599998153746128      -0.31148120405616142       0.51044252957150038        1.9092782381437141     
   8.2799998149275780      -0.29976912375572073       0.58560402811130507        1.9293732483986019     
   8.2999998144805431      -0.28660859877348255       0.65802626381994367        1.9512462548751279     
   8.3199998140335083      -0.27206142640320286       0.72735863477171803        1.9744838863609186     
   8.3399998135864735      -0.25619619417158407       0.79326162931171740        1.9986443793873707     
   8.3599998131394386      -0.23908802151585651       0.85540865190625059        2.0232655831284347     
   8.3799998126924038      -0.22081826302323943       0.91348794504890052        2.0478735523034910     
   8.3999998122453690      -0.20147417176366944       0.96720458459720582        2.0719915889505200     
   8.4199998117983341      -0.18114852183682734        1.0162825190577891        2.0951495685933086     
   8.4399998113512993      -0.15993918996454171        1.0604666173175581        2.1168933630525619     
   8.4599998109042645      -0.13794869676686958        1.0995246844598985        2.1367941527604994     
   8.4799998104572296      -0.11528370923549180        1.1332494018989869        2.1544574077100407     
   8.4999998100101948       -9.2054506827686094E-002   1.1614601463509424        2.1695313096936273     
   8.5199998095631599       -6.8374414510896153E-002   1.1840046423040631        2.1817143905153888     
   8.5399998091161251       -4.4359206953070475E-002   1.2007604047303704        2.1907621721733177     
   8.5599998086690903       -2.0126488839190895E-002   1.2116359327761526        2.1964926158082374     
   8.5799998082220554        4.2049430360465469E-003   1.2165716209543669        2.1987902160706709     
   8.5999998077750206        2.8515749726820291E-002   1.2155403617081315        2.1976086153911201     
   8.6199998073279858        5.2686705622568192E-002   1.2085478218005439        2.1929716567915167     
   8.6399998068809509        7.6599352776364343E-002   1.1956323844142738        2.1849728422048726     
   8.6599998064339161       0.10013664742356096        1.1768647586648080        2.1737732133129528     
   8.6799998059868813       0.12318359226780518        1.1523472679691795        2.1595977210713042     
   8.6999998055398464       0.14562784852409727        1.1222128378980165        2.1427301958391540     
   8.7199998050928116       0.16736032228509867        1.0866237123380023        2.1235070701049046     
   8.7399998046457767       0.18827572049021823        1.0457699336307571        2.1023100383655464     
   8.7599998041987419       0.20827307259407793       0.99986762754176750        2.0795578625084046     
   8.7799998037517071       0.22725621491488257       0.94915713725554696        2.0556975454147492     
   8.7999998033046722       0.24513423555530425       0.89390105200133008        2.0311951004593660     
   8.8199998028576374       0.26182187869033829       0.83438217540159676        2.0065261407216886     
   8.8399998024106026       0.27723990787200081       0.77090147631411710        1.9821665001664064     
   8.8599998019635677       0.29131542877739625       0.70377606100039170        1.9585830812923757     
   8.8799998015165329       0.30398217249743920       0.63333720015833639        1.9362251015229250     
   8.8999998010694981       0.31518074100733001       0.55992843800991676        1.9155158857374790     
   8.9199998006224632       0.32485881686233936       0.48390380356655999        1.8968453265834453     
   8.9399998001754284       0.33297133941592200       0.40562613674558312        1.8805631091343620     
   8.9599997997283936       0.33948064996062799       0.32546553451002103        1.8669727733701840     
   8.9799997992813587       0.34435660815086094       0.24379791496095488        1.8563266677966292     
   8.9999997988343239       0.34757668189095348       0.16100369060334066        1.8488218308604314     
   9.0199997983872890       0.34912601257779469        7.7466536073571762E-002   1.8445968238401580     
   9.0399997979402542       0.34899745719384678       -6.4277693410670772E-003   1.8437295294199267     
   9.0599997974932194       0.34719160827647344       -9.0292447886861568E-002   1.8462359236905606     
   9.0799997970461845       0.34371679226802476      -0.17374080430584471        1.8520698251165344     
   9.0999997965991497       0.33858904620455510      -0.25638730890418654        1.8611236211194795     
   9.1199997961521149       0.33183207215656851      -0.33784870995083593        1.8732299703164992     
   9.1399997957050800       0.32347716831991913      -0.41774520116980318        1.8881644750488191     
   9.1599997952580452       0.31356313519522544      -0.49570166731448023        1.9056493136408237     
   9.1799997948110104       0.30213615491454798      -0.57134902680451838        1.9253578139838039     
   9.1999997943639755       0.28924964149684035      -0.64432568528718404        1.9469199389066001     
   9.2199997939169407       0.27496405965775511      -0.71427910791964522        1.9699286390291877     
   9.2399997934699059       0.25934670977958962      -0.78086751136202359        1.9939470103887493     
   9.2599997930228710       0.24247147677339151      -0.84376166916944861        2.0185161724502039     
   9.2799997925758362       0.22441854084175294      -0.90264681675765746        2.0431637579194328     
   9.2999997921288013       0.20527404857559092      -0.95722463470373853        2.0674128801904805     
   9.3199997916817665       0.18512974338256880       -1.0072152821641225        2.0907914187193168     
   9.3399997912347317       0.16408255493331314       -1.0523594459848491        2.1128414388053613     
   9.3599997907876968       0.14223414810220128       -1.0924203659730904        2.1331285419833730     
   9.3799997903406620       0.11969043274422790       -1.1271857930932345        2.1512509282793548     
   9.3999997898936272        9.6561036555296423E-002  -1.1564698352956893        2.1668479436033619     
   9.4199997894465923        7.2958744173574300E-002  -1.1801146454637239        2.1796078858681223     
   9.4399997889995575        4.8998906555725856E-002  -1.1979919076696279        2.1892748529148838     
   9.4599997885525227        2.4798825465339659E-002  -1.2100040815650086        2.1956544343167916     
   9.4799997881054878        4.7711860525899777E-004  -1.2160853701856593        2.1986180773069544     
   9.4999997876584530       -2.3846928521452284E-002  -1.2162023835198057        2.1981059934899725     
   9.5199997872114182       -4.8054017551680372E-002  -1.2103544785649352        2.1941285160862272     
   9.5399997867643833       -7.2025492333842686E-002  -1.1985737658983271        2.1867658651679349     
   9.5599997863173485       -9.5643987457286334E-002  -1.1809247825679083        2.1761663282595753     
   9.5799997858703136      -0.11879406375786045       -1.1575038409009328        2.1625429132060137     
   9.5999997854232788      -0.14136282469651693       -1.1284380721553799        2.1461685768025243     
   9.6199997849762440      -0.16324050805469786       -1.0938841923592644        2.1273701740032904     
   9.6399997845292091      -0.18432104807969146       -1.0540270248090198        2.1065213066535926     
   9.6599997840821743      -0.20450260401302942       -1.0090778192215448        2.0840342762391213     
   9.6799997836351395      -0.22368805180904422      -0.95927241124214879        2.0603513613480500     
   9.6999997831881046      -0.24178543676039305      -0.90486926779284538        2.0359356472779542     
   9.7199997827410698      -0.25870838565407556      -0.84614746359699478        2.0112616329839605     
   9.7399997822940350      -0.27437647794846770      -0.78340463223006607        1.9868058303812315     
   9.7599997818470001      -0.28871557625598360      -0.71695493140098532        1.9630375543190477     
   9.7799997813999653      -0.30165811710893536      -0.64712705711200591        1.9404100800363493     
   9.7999997809529305      -0.31314336355572131      -0.57426233517505998        1.9193523204042329     
   9.8199997805058956      -0.32311762156491852      -0.49871291160696329        1.9002611495410919     
   9.8399997800588608      -0.33153442249725906      -0.42084005602353591        1.8834944740704245     
   9.8599997796118259      -0.33835467403755259      -0.34101258463690171        1.8693651297348273     
   9.8799997791647911      -0.34354678196439525      -0.25960540214476691        1.8581356603008572     
   9.8999997787177563      -0.34708674498466224      -0.17699815496956764        1.8500140183304334     
   9.9199997782707214      -0.34895822458696557       -9.3573982206708664E-002   1.8451502137120095     
   9.9399997778236866      -0.34915259149226197       -9.7183454820414517E-003   1.8436339257277405     
   9.9599997773766518      -0.34766894982271873        7.4182085135259507E-002   1.8454930874426847     
   9.9799997769296169      -0.34451413959636668       0.15774051484337859        1.8506934466300589     
   9.9999997764825821      -0.33970271761122489       0.24057110463427223        1.8591391043843304     
