   2.0000000000000001E-004   1.7317910583898463E-006   1.7317910583898463E-002
   2.0199999999999989E-002   2.1811425388449455E-002   1.2304676778758328     
   4.0199999999999868E-002   3.8473244404788130E-002  0.93810135903412473     
   6.0199999999999747E-002   6.1497310365902058E-002  0.96574280750398611     
   8.0200000000000243E-002   7.8993098336241810E-002   1.0978037401811713     
  0.10020000000000082       0.10088210345971618       0.86196486397625238     
  0.12020000000000139       0.11965431842916691        1.1583018866198123     
  0.14020000000000196       0.14022049355644314       0.83921406637408558     
  0.16020000000000253       0.16027175788869263        1.1478432898341957     
  0.18020000000000311       0.17968765866400607       0.87761641570087900     
  0.20020000000000368       0.20068709644345947        1.0878758201227048     
  0.22020000000000425       0.21941241233422132       0.95182501972039513     
  0.24020000000000483       0.24081171059239578        1.0072581767245499     
  0.26020000000000398       0.25943628749722314        1.0310747755635314     
  0.28020000000000178       0.28065364193254860       0.93650503694131026     
  0.30019999999999958       0.29970370818891590        1.0873988185598225     
  0.32019999999999738       0.32030974433331078       0.89890257539706109     
  0.34019999999999517       0.34008634070170757        1.1039227290472815     
  0.36019999999999297       0.35992746802252429       0.90375845955105549     
  0.38019999999999077       0.38043135976561787        1.0793773144897143     
  0.40019999999998856       0.39965118117811393       0.94455146054068462     
  0.42019999999998636       0.42061550840009210        1.0271402507250398     
  0.44019999999998416       0.43957268682208317        1.0025688106666097     
  0.46019999999998196       0.46058557368837316       0.96930285651845594     
  0.48019999999997975       0.47970325634801186        1.0545421002112492     
  0.50019999999997755       0.50037157974828661       0.92807383303099011     
  0.52019999999997535       0.51997604768879724        1.0813857756698182     
  0.54019999999997315       0.54006939919772978       0.91771358985034113     
  0.56019999999997094       0.56027643339272593        1.0748550946340016     
  0.58019999999996874       0.57980068807763041       0.93987061160609808     
  0.60019999999996654       0.60048775421904399        1.0398299749651374     
  0.62019999999996434       0.61966593751973098       0.98382893304576624     
  0.64019999999996213       0.64053495929920745       0.99162847866066195     
  0.66019999999995993       0.65970822432862486        1.0313111664100354     
  0.68019999999995773       0.68041018427812949       0.94960465970220453     
  0.70019999999995552       0.69990048456535447        1.0638210012109439     
  0.72019999999995332       0.72017173268152235       0.92959976904124741     
  0.74019999999995112       0.74015982366023003        1.0696611605926301     
  0.76019999999994892       0.75991820354784401       0.93812414631542218     
  0.78019999999994671       0.78038213940664025        1.0480141245666208     
  0.80019999999994451       0.79974871726261387       0.97037046660010906     
  0.82019999999994231       0.82048302571074916        1.0086903136933372     
  0.84019999999994011       0.83972492583355318        1.0126268720376295     
  0.86019999999993790       0.86042917769776428       0.96784083488244099     
  0.88019999999993570       0.87984913844536516        1.0479734032792589     
  0.90019999999993350       0.90024878843109624       0.94144558372366915     
  0.92019999999993130       0.92006617881501818        1.0629476139906271     
  0.94019999999992909       0.94001788575328649       0.93915736838042274     
  0.96019999999992689       0.96028724857808379        1.0525908908671222     
  0.98019999999992469       0.97982885159322164       0.96084337248979279     
   1.0001999999999225        1.0004257381192183        1.0220075522731207     
   1.0201999999999203        1.0197539345795608       0.99704280231404574     
   1.0401999999999181        1.0404307387578351       0.98397558180611566     
   1.0601999999999159        1.0598180009921030        1.0330123496760337     
   1.0801999999999137        1.0803054255849214       0.95367979903394218     
   1.1001999999999115        1.0999906841998532        1.0546663211500082     
   1.1201999999999093        1.1201038135237140       0.94270395806079299     
   1.1401999999999071        1.1402001051616326        1.0540460898496462     
   1.1601999999999049        1.1599083293916492       0.95466099813008898     
   1.1801999999999027        1.1803613173256882        1.0320969468883912     
   1.2001999999999005        1.1997982267798473       0.98442383487041818     
   1.2201999999998983        1.2204097461029548       0.99717377215934933     
   1.2401999999998961        1.2398110682979220        1.0216159595712566     
   1.2601999999998938        1.2603539321440205       0.96124692047244920     
   1.2801999999998916        1.2798697176938127        1.0504398599716187     
   1.3001999999998894        1.3003385172441626       0.95020975748654657     
   1.3201999999998872        1.3198503111960629        1.0281501890837776     
   1.3401999999998850        1.3402279316390393        1.0164883292741396     
   1.3601999999998828        1.3604564124786831       0.93645601185983207     
   1.3801999999998806        1.3787854077526005        1.0604531698673401     
   1.4001999999998784        1.4024431602128113        1.0504241373735983     
   1.4201999999998762        1.4177280700940236       0.74432064342649373     
   1.4401999999998740        1.4405432577738386        1.4076951677577108     
   1.4601999999998718        1.4628010289828783       0.69521408414010510     
   1.4801999999998696        1.4759034664275457       0.93970269737958245     
   1.5001999999998674        1.5020338397482318        1.3602056752047209     
   1.5201999999998652        1.5216489577567505       0.74357194960435002     
   1.5401999999998630        1.5390888333312001       0.93621056252719392     
   1.5601999999998608        1.5569501136361998        1.0372805605406399     
   1.5801999999998586        1.5835664734386556        1.3407669970245122     
   1.6001999999998564        1.6017564212417155       0.63685428151345791     
   1.6201999999998542        1.6177155923821402       0.93447681323051812     
   1.6401999999998520        1.6366754323672268        1.0661617725599348     
   1.6601999999998498        1.6626367346613715        1.3688963975798927     
   1.6801999999998476        1.6844749241585668       0.81987193882679266     
   1.7001999999998454        1.6997476351693530       0.76604915019022712     
   1.7201999999998432        1.7150129001885426       0.80231180587376238     
   1.7401999999998410        1.7361160838133247        1.3437260725736013     
   1.7601999999998388        1.7634310646148641        1.2433650309055331     
   1.7801999999998366        1.7869209369442351        1.1517218230743065     
   1.8001999999998344        1.8049044094081490       0.56896913789871306     
   1.8201999999998322        1.8161491896840209       0.71316762415046553     
   1.8401999999998300        1.8305041025336675       0.67940617769523237     
   1.8601999999998278        1.8501752491205679        1.3668113915918139     
   1.8801999999998256        1.8783472206405762        1.3638501237245739     
   1.9001999999998234        1.9094126587671247        1.7214227708809160     
   1.9201999999998212        1.9388606901016860        1.1836355069944524     
   1.9401999999998190        1.9618852100336572        1.0704640280360576     
   1.9601999999998168        1.9752361778966459       0.31638727185415272     
   1.9801999999998146        1.9803023114143896       0.12758128836496166     
   2.0001999999998126        1.9760278650370169      -0.44871645824941064     
   2.0201999999998104        1.9672065185767285      -0.51729414819033803     
   2.0401999999998082        1.9524542361702895      -0.84125626007309706     
   2.0601999999998060        1.9367654382734194      -0.82119698988648115     
   2.0801999999998038        1.9177338744937278      -0.97898059574248464     
   2.1001999999998016        1.8994657234300709      -0.93349869451087097     
   2.1201999999997994        1.8791676766310790       -1.0143275307547350     
   2.1401999999997972        1.8600713050628519      -0.96614283123441369     
   2.1601999999997950        1.8395098599956492       -1.0236225157744621     
   2.1801999999997927        1.8201928248417647      -0.97123829540179030     
   2.2001999999997905        1.7995517587793464       -1.0277690012564280     
   2.2201999999997883        1.7802626767427066      -0.97183803664850843     
   2.2401999999997861        1.7594901087948369       -1.0252983813915562     
   2.2601999999997839        1.7403546127518625      -0.98020100651594344     
   2.2801999999997817        1.7193985635744209       -1.0106328670355256     
   2.3001999999997795        1.7004387008141670       -1.0020493724303272     
   2.3201999999997773        1.6793395100991340      -0.98205239030296920     
   2.3401999999997751        1.6604597335140574       -1.0362360084018176     
   2.3601999999997729        1.6393683094334670      -0.94423137960387582     
   2.3801999999997707        1.6203735982065137       -1.0751286852322381     
   2.4001999999997685        1.5995146142744661      -0.90722530189917827     
   2.4201999999997663        1.5801697096491247       -1.1071789548334958     
   2.4401999999997641        1.5597681359167890      -0.88302365254862591     
   2.4601999999997619        1.5398793911268920       -1.1210991367689895     
   2.4801999999997597        1.5200785025476740      -0.88111171967706936     
   2.5001999999997575        1.4995683378806433       -1.1101679807458258     
   2.5201999999997553        1.4803697269782119      -0.90472927808078751     
   2.5401999999997531        1.4593171733584263       -1.0749977950786307     
   2.5601999999997509        1.4405622838433498      -0.94949590215254609     
   2.5801999999997487        1.4191983740707168       -1.0231206314876866     
   2.6001999999997465        1.4005984179222839       -1.0058076508402636     
   2.6201999999997443        1.3792428671264525      -0.96510490580888442     
   2.6401999999997421        1.3604917696110381       -1.0622848818108173     
   2.6601999999997399        1.3393759017380649      -0.91519518425638446     
   2.6801999999997377        1.3203713080385511       -1.0973317411374286     
   2.7001999999997355        1.2994793567370762      -0.90613528878843808     
   2.7201999999997333        1.2802037032745979       -1.0719588030320386     
   2.7401999999997311        1.2598945693099919      -0.95997395231345650     
   2.7601999999997289        1.2393483188793768       -1.0220663325679620     
   2.7801999999997267        1.2211561141561347      -0.95000439023410566     
   2.8001999999997245        1.1981951138336966       -1.1376640326484240     
   2.8201999999997223        1.1812476639710181      -0.75143742539608938     
   2.8401999999997201        1.1599389022522484       -1.2916883207091254     
   2.8601999999997179        1.1380603959562157      -0.82225354567202125     
   2.8801999999997157        1.1225941002611359      -0.91604836201810447     
   2.9001999999997135        1.0983327376629637       -1.3405849809761015     
   2.9201999999997112        1.0789767935447592      -0.60371636936818518     
   2.9401999999997090        1.0624607110558417       -1.2133106147523227     
   2.9601999999997068        1.0382127350944095       -1.0024734862662308     
   2.9801999999997046        1.0193649781526224      -0.99772268517463247     
   3.0001999999997024        1.0009388472116767      -0.81091076933495321     
   3.0201999999997002       0.98104432596720270       -1.2664732089664072     
   3.0401999999996980       0.95692981553116740      -0.94288917102925951     
   3.0601999999996958       0.94133366404761365      -0.81566114688606517     
   3.0801999999996936       0.92129735041786398       -1.1225768603117028     
   3.1001999999996914       0.89890934997058780       -1.1037281503043916     
   3.1201999999996892       0.87794321505750528      -0.93688894562183156     
   3.1401999999996870       0.86182690382373606      -0.78180973643494678     
   3.1601999999996848       0.84145960897407135       -1.2496427713698046     
   3.1801999999996826       0.81774961287485703       -1.0188713267291436     
   3.2001999999996804       0.79854400143143067      -0.95663903969295361     
   3.2201999999996782       0.78156437260297507      -0.74874369742664904     
   3.2401999999996760       0.76227664656155814       -1.2606106064701761     
   3.2601999999996738       0.73763735659728591       -1.0403943699428799     
   3.2801999999996716       0.71791349161702456       -1.0196626723716089     
   3.3001999999996694       0.70053406154100506      -0.67743826440712362     
   3.3201999999996672       0.68345894925816431       -1.1625100368855770     
   3.3401999999996650       0.65948606680246136       -1.0941615392872293     
   3.3601999999996628       0.63707092833872869       -1.1801411769394548     
   3.3801999999996606       0.61777853182306441      -0.70072284900262671     
   3.4001999999996584       0.60263147297036979      -0.92575877810141016     
   3.4201999999996562       0.58312371366081994       -1.0006681345167325     
   3.4401999999996540       0.55986636576630844       -1.3044583493227415     
   3.4601999999996518       0.53585423712750613       -1.0371655297649747     
   3.4801999999996496       0.51715427310435413      -0.85295264908410406     
   3.5001999999996474       0.50147515987481928      -0.75458488823020176     
   3.5201999999996452       0.48482864452397184      -0.95952772934335073     
   3.5401999999996430       0.46228548582472823       -1.2442234090906230     
   3.5601999999996408       0.43780371891428338       -1.2081329419787457     
   3.5801999999996386       0.41387640712289714       -1.0797033882745060     
   3.6001999999996364       0.39697940481673644      -0.73013649537850545     
   3.6201999999996342       0.38121996242427392      -0.75444486766532182     
   3.6401999999996320       0.36708925938762765      -0.85412203505539064     
   3.6601999999996297       0.34488748374744110       -1.1779303060439859     
   3.6801999999996275       0.32149184693209859       -1.3346197098532313     
   3.7001999999996253       0.29316902822769758       -1.2426910400091187     
   3.7201999999996231       0.27188261476221320       -1.0835051439984760     
   3.7401999999996209       0.25230790023258076      -0.67327258819266700     
   3.7601999999996187       0.24079337383054564      -0.70052195332176415     
   3.7801999999996165       0.22717297762552557      -0.53069824678963951     
   3.8001999999996143       0.21333697734511484       -1.0077551323483778     
   3.8201999999996121       0.19190013936669761       -1.0439002927969114     
   3.8401999999996099       0.16610291775717401       -1.5742201997175251     
   3.8601999999996077       0.13554369297430507       -1.4382815715549198     
   3.8801999999996055       0.10440121078615075       -1.6286880980258327     
   3.9001999999996033        7.6147480430448472E-002  -1.2200976834673296     
   3.9201999999996011        5.2487197573124575E-002  -1.0665649181713359     
   3.9401999999995989        3.6709132917999848E-002 -0.58238872802169073     
   3.9601999999995967        2.7321775118059416E-002 -0.28620403592705668     
   3.9801999999995945        2.5899717256952604E-002   7.3150749073539106E-002
   4.0001999999995927        2.9830245253954210E-002  0.35252540034691976     
   4.0201999999996350        3.8955444072564190E-002  0.53223044138927533     
   4.0401999999996772        5.1793469893986005E-002  0.73354725434491685     
   4.0601999999997194        6.6824997933671873E-002  0.79693833627157629     
   4.0801999999997616        8.4289412036058914E-002  0.88933819532010072     
   4.1001999999998038       0.10214610028075186       0.96515009366042270     
   4.1201999999998460       0.12160643658827527       0.88832842958239489     
   4.1401999999998882       0.14030035411465958        1.0922336374417962     
   4.1601999999999304       0.16121571923022493       0.86027545947314732     
   4.1801999999999726       0.17924068419554087        1.0945165374982537     
   4.2002000000000148       0.20113872782355355       0.96352626475121839     
   4.2202000000000570       0.21991070432359106       0.96356914211152433     
   4.2402000000000992       0.23904581689645735        1.0405291889144750     
   4.2602000000001414       0.26251217273733346        1.0582424470831187     
   4.2802000000001836       0.27724541930065821       0.76133024431570084     
   4.3002000000002258       0.30199085642596513        1.3885693759060933     
   4.3202000000002680       0.32015409614311785       0.61850678649023227     
   4.3402000000003103       0.33853748968893810        1.1845830666184163     
   4.3602000000003525       0.36148423789800699        1.0807367122286138     
   4.3802000000003947       0.38036803445110295       0.77477725731431191     
   4.4002000000004369       0.39845638162766450        1.1734497479629686     
   4.4202000000004791       0.42128292454752647       0.94308713785061793     
   4.4402000000005213       0.44068420681214776        1.0781616125041444     
   4.4602000000005635       0.45869906339181765       0.73749723973052328     
   4.4802000000006057       0.48013265382938658        1.4014033381073814     
   4.5002000000006479       0.50196007967148082       0.69177464916473785     
   4.5202000000006901       0.51843382807658922        1.0857437484637233     
   4.5402000000007323       0.53964946119317947       0.98777722570580129     
   4.5602000000007745       0.56152197849539798        1.1467242494232954     
   4.5802000000008167       0.58038540237272851       0.77866504196540298     
   4.6002000000008589       0.59809489494928225        1.0431314304612787     
   4.6202000000009011       0.62091058709677294        1.1765277523363911     
   4.6402000000009433       0.64159811791147792       0.86251042330879846     
   4.6602000000009856       0.65909658515343783       0.95925150516219448     
   4.6802000000010278       0.67858682874407239       0.99825930812496089     
   4.7002000000010700       0.70158592901928007        1.2286739870197565     
   4.7202000000011122       0.72133167537678433       0.75704261935598938     
   4.7402000000011544       0.73848050806356647        1.0160701827969716     
   4.7602000000011966       0.75896647929219174        1.0257858772468371     
   4.7802000000012388       0.78165180803939271        1.1876689721771334     
   4.8002000000012810       0.80160155822420931       0.79466259635876169     
   4.8202000000013232       0.81809926201861627       0.95536732870714081     
   4.8402000000013654       0.83903930103958690        1.0723145778639711     
   4.8602000000014076       0.86109182253087513        1.1621121187085295     
   4.8802000000014498       0.88256468568902280       0.86727095757547434     
   4.9002000000014920       0.89818387119418153       0.88489831154472076     
   4.9202000000015342       0.91868725386107219        1.0290241491889451     
   4.9402000000015764       0.93984884343419905        1.2074584731754978     
   4.9602000000016186       0.96342978233267951       0.94354510626995591     
   4.9802000000016609       0.97961954952958297       0.88397560567824873     
   5.0002000000017031       0.99838701392969709       0.87314260120913567     
   5.0202000000017453        1.0179854557863743        1.2182901998772082     
   5.0402000000017875        1.0425098539071398        1.0615499472396133     
   5.0602000000018297        1.0621815383889044       0.99026110562704062     
   5.0802000000018719        1.0798381020579328       0.75543272426483998     
   5.1002000000019141        1.0970063536725483        1.0251256409724954     
   5.1202000000019563        1.1188308996199285        1.1353502561766560     
   5.1402000000019985        1.1423800792449217        1.1491554603659877     
   5.1602000000020407        1.1629026933035351       0.93817363890851935     
   5.1802000000020829        1.1801166551222351       0.76408291001380557     
   5.2002000000021251        1.1967374404836335       0.99284774549584887     
   5.2202000000021673        1.2177609436224259        1.0491611329667667     
   5.2402000000022095        1.2413535602427446        1.3066339813088612     
   5.2602000000022517        1.2637753280277113       0.89437749018216117     
   5.2802000000022939        1.2823629633317484       0.96688734704424628     
   5.3002000000023362        1.2977849800390286       0.66195192456228491     
   5.3202000000023784        1.3164074863367721        1.1406876719877335     
   5.3402000000024206        1.3373468050265673        1.0500494494171002     
   5.3602000000024628        1.3629718306039698        1.3293015562929595     
   5.3802000000025050        1.3839465173638856       0.91689204057715257     
   5.4002000000025472        1.4038970128794008       0.90119492026478309     
   5.4202000000025894        1.4176146894528208       0.70909968002898238     
   5.4402000000026316        1.4360041912424055       0.94648664311820918     
   5.4602000000026738        1.4546685695784227        1.1277363863538123     
   5.4802000000027160        1.4808256976054421        1.2552333374682050     
   5.5002000000027582        1.5037750518915176        1.1942621896455563     
   5.5202000000028004        1.5270796596971836       0.96863549695069306     
   5.5402000000028426        1.5433460495408018       0.78245477963738952     
   5.5602000000028848        1.5582471289629383       0.68313591262403850     
   5.5802000000029270        1.5738841844753324       0.91635021896613400     
   5.6002000000029692        1.5922076232907649       0.93046713371763412     
   5.6202000000030115        1.6157955437525349        1.4325813755213914     
   5.6402000000030537        1.6432124488740665        1.1978556537255389     
   5.6602000000030959        1.6663249453861853        1.2315154368027776     
   5.6802000000031381        1.6918600645246051        1.1601577687593558     
   5.7002000000031803        1.7075028622505029       0.48000038309718818     
   5.7202000000032225        1.7202733309883733       0.89667094377642342     
   5.7402000000032647        1.7360390973367410       0.49364512777857228     
   5.7602000000033069        1.7451171291096710       0.68060692548764445     
   5.7802000000033491        1.7653178153918467        1.2016748412651885     
   5.8002000000033913        1.7887388271541589        1.1200856615695731     
   5.8202000000034335        1.8132833460696260        1.4574476573508219     
   5.8402000000034757        1.8461671075971262        1.6553947643018012     
   5.8602000000035179        1.8767823278355651        1.4982103835429612     
   5.8802000000035601        1.9057331815486971        1.2614284629316814     
   5.9002000000036023        1.9288869791183068        1.2475588876420700     
   5.9202000000036445        1.9527467883244121       0.82512954910933289     
   5.9402000000036868        1.9610316489310047       0.31542445305545597     
   5.9602000000037290        1.9696180080875085       0.33494034452807364     
   5.9802000000037712        1.9706941160070202      -0.10451792872031367     
   6.0002000000038134        1.9663953032091974      -0.43314177458572245     
   6.0202000000038556        1.9550246360203707      -0.53173550856001861     
   6.0402000000038978        1.9456996941803530      -0.53529887245769214     
   6.0602000000039400        1.9313820001697344      -0.86645336567438724     
   6.0802000000039822        1.9123449861847928      -0.96243970983251348     
   6.1002000000040244        1.8959866306460444      -0.72410180273928193     
   6.1202000000040666        1.8787514841282562      -0.99527802017863864     
   6.1402000000041088        1.8590837483399751       -1.0071079486507624     
   6.1602000000041510        1.8369916425310369       -1.0648407829226496     
   6.1802000000041932        1.8206182151828154      -0.73250559220176825     
   6.2002000000042354        1.8005142925013158       -1.1898824789261457     
   6.2202000000042776        1.7793985680764406      -0.97232551121141775     
   6.2402000000043198        1.7580455348000088       -1.0480342921346333     
   6.2602000000043621        1.7415169035500300      -0.76383805587484610     
   6.2802000000044043        1.7205994115600325       -1.2348907571398207     
   6.3002000000044465        1.6988449594354216      -0.96349130171637065     
   6.3202000000044887        1.6786356841137025      -0.99736464454043927     
   6.3402000000045309        1.6615441586626598      -0.82237806148867798     
   6.3602000000045731        1.6407746337739557       -1.2008445324578885     
   6.3802000000046153        1.6184396447012541       -1.0106255371943578     
   6.4002000000046575        1.5988541623466044      -0.93816397772116178     
   6.4202000000046997        1.5813168327274565      -0.87523912593941189     
   6.4402000000047419        1.5612392270043225       -1.1302071717333388     
   6.4602000000047841        1.5383574572004319       -1.0940659893003122     
   6.4802000000048263        1.5186408927334649      -0.89827835066400030     
   6.5002000000048685        1.5008143857540261      -0.90241488246873680     
   6.5202000000049107        1.4819218549310458       -1.0372526309080268     
   6.5402000000049529        1.4588259052543973       -1.1799250411963282     
   6.5602000000049951        1.4382191741460426      -0.91269259643343892     
   6.5802000000050374        1.4197524989296400      -0.91211911803839940     
   6.6002000000050796        1.4023943813402975      -0.92158052037565441     
   6.6202000000051218        1.3800834253629759       -1.2145904532032863     
   6.6402000000051640        1.3582797595138905      -0.99562306805679224     
   6.6602000000052062        1.3381478289128299      -0.95501091369785862     
   6.6802000000052484        1.3216944477412134      -0.80531623421727216     
   6.7002000000052906        1.3016796414084704       -1.1383140678525285     
   6.7202000000053328        1.2797583785829345       -1.0797278528837571     
   6.7402000000053750        1.2572063508466669       -1.0883137366325053     
   6.7602000000054172        1.2392822817575162      -0.77774465605904164     
   6.7802000000054594        1.2216753648801759      -0.97824969313973897     
   6.8002000000055016        1.2022003698019195       -1.0080606623159476     
   6.8202000000055438        1.1790133040863295       -1.2440457970914527     
   6.8402000000055860        1.1573289498350763      -0.91946833936425099     
   6.8602000000056282        1.1387802463974570      -0.94214847384574574     
   6.8802000000056704        1.1219254239538314      -0.79165193810290757     
   6.9002000000057127        1.1024484080194168       -1.1489995791547887     
   6.9202000000057549        1.0799927968662275       -1.0950716241868583     
   6.9402000000057971        1.0567076017155477       -1.1458805682368578     
   6.9602000000058393        1.0383782224465659      -0.77929609699894042     
   6.9802000000058815        1.0201871765257575      -0.97026996682711908     
   7.0002000000059237        1.0036608557832647      -0.80426558315861818     
   7.0202000000059659       0.98159842904017947       -1.3255913441763099     
   7.0402000000060081       0.95764789022868813       -1.0430797082191747     
   7.0602000000060503       0.93734287082413281      -0.99689184257431585     
   7.0802000000060925       0.91774843629295288      -0.97055998517705688     
   7.1002000000061347       0.90140508043041434      -0.62234228419650284     
   7.1202000000061769       0.88544960993699118       -1.1851789300812599     
   7.1402000000062191       0.85923081501860210       -1.1381162703490515     
   7.1602000000062613       0.83985634828665912       -1.0329737640958816     
   7.1802000000063035       0.81555343364892996       -1.2448947992018657     
   7.2002000000063457       0.79589811860824899      -0.67833406468497703     
   7.2202000000063880       0.78343301840447799      -0.79995823054067283     
   7.2402000000064302       0.76268984823312891       -1.0537198016432741     
   7.2602000000064724       0.74401328013355261       -1.0160542848276026     
   7.2802000000065146       0.71975808218080750       -1.2092943553423243     
   7.3002000000065568       0.69709064160629741       -1.2386096096350834     
   7.3202000000065990       0.67271638540746226      -0.91029052197788440     
   7.3402000000066412       0.65953647295746043      -0.72195767169031999     
   7.3602000000066834       0.64163300421508196      -0.88709510802641300     
   7.3802000000067256       0.62435887791911970      -0.93136416006547140     
   7.4002000000067678       0.60605363898066189      -0.91350751402145969     
   7.4202000000068100       0.58158155893907537       -1.5025447290356915     
   7.4402000000068522       0.55560578700229024       -1.0596258161400722     
   7.4602000000068944       0.53282696934160190       -1.1524485397884712     
   7.4802000000069366       0.51584228131254695      -0.71502640116221627     
   7.5002000000069788       0.49614195989828508       -1.0360252680998958     
   7.5202000000070210       0.48399154914093295      -0.40872361065472734     
   7.5402000000070633       0.46815859508980290       -1.0553543818462849     
   7.5602000000071055       0.44860433541351008       -1.0453003522910891     
   7.5802000000071477       0.42258872443978812       -1.3400172538781019     
   7.6002000000071899       0.39965811927140743       -1.1377027994507940     
   7.6202000000072321       0.37296565357693340       -1.3972086939516934     
   7.6402000000072743       0.34783617061826555       -1.1202253494302015     
   7.6602000000073165       0.32928785128529853      -0.72027642909910727     
   7.6802000000073587       0.31564255317083750      -0.70397810469948630     
   7.7002000000074009       0.30212114763003273      -0.66742417934028719     
   7.7202000000074431       0.28766407987380394      -0.69618584771319370     
   7.7402000000074853       0.27597407008374480      -0.62514481283909040     
   7.7602000000075275       0.25746032178779099       -1.1539781267655729     
   7.7802000000075697       0.23317808774621998       -1.3174266377674695     
   7.8002000000076119       0.20474211889272520       -1.4176461404243519     
   7.8202000000076541       0.17727787630111758       -1.4315909366795108     
   7.8402000000076963       0.14588447103392244       -1.6530346662392468     
   7.8602000000077386       0.11362383870292250       -1.5044713692959104     
   7.8802000000077808        8.7561858170804488E-002  -1.1377979849046820     
   7.9002000000078230        6.6665098109363996E-002 -0.91103522373641088     
   7.9202000000078652        5.0623453051843792E-002 -0.80164904494528200     
   7.9402000000079074        3.6028493105922467E-002 -0.45529932340763202     
   7.9602000000079496        3.3110396629657438E-002  -3.3636212781806507E-002
   7.9802000000079918        3.3563297644789103E-002  0.22499412744285413     
   8.0002000000080322        3.9741721341771140E-002  0.19141219872303047     
   8.0202000000079856        4.4136326049546419E-002  0.48912270078863218     
   8.0402000000079390        5.7944065063318943E-002  0.69140678599658811     
   8.0602000000078924        7.2673201527600803E-002  0.89757950511894435     
   8.0802000000078458        8.9927922419770809E-002  0.68470560898480870     
   8.1002000000077992       0.10358477279505542       0.83302297945261061     
   8.1202000000077525       0.12231091342845198       0.96324377826508756     
   8.1402000000077059       0.14268016401618322        1.0823755638906334     
   8.1602000000076593       0.16323603009684956       0.92602996256217518     
   8.1802000000076127       0.18026042546553661       0.82900129742649586     
   8.2002000000075661       0.19883444488157953        1.0437632550399754     
   8.2202000000075195       0.22011563280475999        1.0653088136816726     
   8.2402000000074729       0.24233042187223736        1.0995152991235404     
   8.2602000000074263       0.26060758722761779       0.78757862232868736     
   8.2802000000073797       0.27889411214680992        1.0200497488108644     
   8.3002000000073330       0.29833719145983528       0.99578390845487763     
   8.3202000000072864       0.32156934939610449        1.2045694906982387     
   8.3402000000072398       0.34179488971191280       0.88750060565937672     
   8.3602000000071932       0.35992469004313454       0.88156363507260493     
   8.3802000000071466       0.37792165494835767        1.0232861257912278     
   8.4002000000071000       0.39964021002635508        1.0388592061895361     
   8.4202000000070534       0.42119077749258571        1.1916107550941939     
   8.4402000000070068       0.44277368214120094       0.84094077295366909     
   8.4602000000069602       0.45843478904404905       0.86456177620733066     
   8.4802000000069135       0.47799170509632910        1.0885261183695332     
   8.5002000000068669       0.50063219322448360        1.0379223899574181     
   8.5202000000068203       0.51978329315229344        1.1123655130228609     
   8.5402000000067737       0.54479735497784409        1.0130350974477151     
   8.5602000000067271       0.55699490296863130       0.62905311275696918     
   8.5802000000066805       0.57856249922174974        1.2502148239195459     
   8.6002000000066339       0.59961415238657001        1.0018865464070696     
   8.6202000000065873       0.62105964243687961        1.0352399877677965     
   8.6402000000065406       0.64257822937591114        1.1847777490987392     
   8.6602000000064940       0.66115871754469102       0.55498577838601104     
   8.6802000000064474       0.67594399183821396        1.1617163733238856     
   8.7002000000064008       0.69919618319926780       0.95828074526202367     
   8.7202000000063542       0.72101322047993555        1.3145839287852807     
   8.7402000000063076       0.74247703299301926       0.75878222856477262     
   8.7602000000062610       0.76133214210959765        1.1919054880772679     
   8.7802000000062144       0.78011881974440056       0.60896742227848255     
   8.8002000000061678       0.79539149312663371        1.0756681410893365     
   8.8202000000061211       0.81933017701551203        1.2139630029551403     
   8.8402000000060745       0.84279407899511738        1.0807594470191124     
   8.8602000000060279       0.86230497723392563       0.94710944671205299     
   8.8802000000059813       0.88128341360436280       0.89874863528586824     
   8.9002000000059347       0.89899436671891886       0.91572026619261071     
   8.9202000000058881       0.91648459405733784       0.83326396130913138     
   8.9402000000058415       0.93729997813786259        1.3131717633784354     
   8.9602000000057949       0.96349265988787902        1.1462680574196353     
   8.9802000000057483       0.98346412033493047       0.92618959762610831     
   9.0002000000057016        1.0014374719262575       0.88203151064687857     
   9.0202000000056550        1.0193108852113046       0.89463973557901688     
   9.0402000000056084        1.0371560622302864       0.90845768486854606     
   9.0602000000055618        1.0558659951760883       0.99146125310752053     
   9.0802000000055152        1.0797692093670817        1.3935440377236128     
   9.1002000000054686        1.1051622465027973        1.0156008328036972     
   9.1202000000054220        1.1235557573940140       0.94138232925761445     
   9.1402000000053754        1.1411959751156013       0.77201009077649485     
   9.1602000000053287        1.1581249432432716       0.98955328949429555     
   9.1802000000052821        1.1767537674174866       0.78871807006098560     
   9.2002000000052355        1.1944144891521908        1.1322509053029743     
   9.2202000000051889        1.2201291605549351        1.2865394871230384     
   9.2402000000051423        1.2444896217545556        1.1922781995226834     
   9.2602000000050957        1.2661464597371375       0.88823337563165505     
   9.2802000000050491        1.2818897648957046       0.83572378096443389     
   9.3002000000050025        1.3005861576183315       0.90720809385998435     
   9.3202000000049559        1.3161246025314992       0.74956187182552114     
   9.3402000000049092        1.3336134543173099       0.96075809888366726     
   9.3602000000048626        1.3542606513284325        1.1914381935429570     
   9.3802000000048160        1.3815385201335819        1.3900822216557274     
   9.4002000000047694        1.4056464121682959        1.0643506634119775     
   9.4202000000047228        1.4265643600261826        1.0097343979933870     
   9.4402000000046762        1.4453489626096125       0.90748477651211878     
   9.4602000000046296        1.4632820995346514       0.82865248843739159     
   9.4802000000045830        1.4772463521184844       0.61553588996660724     
   9.5002000000045363        1.4909175631827536       0.80622930653787639     
   9.5202000000044897        1.5104214751720986        1.1358767364518254     
   9.5402000000044431        1.5348246535714378        1.2607352471450708     
   9.5602000000043965        1.5599556238373353        1.2377030436344958     
   9.5802000000043499        1.5840687959288269        1.2050988174870467     
   9.6002000000043033        1.6097463116971045        1.3303543081317017     
   9.6202000000042567        1.6333287158093046       0.98047144258046948     
   9.6402000000042101        1.6508077167750033       0.78465307381261529     
   9.6602000000041635        1.6629624695925134       0.47641056935855758     
   9.6802000000041168        1.6755128014256877       0.80194529932536696     
   9.7002000000040702        1.6900376152556180       0.62691024393033967     
   9.7202000000040236        1.7052388053333321       0.88446940491607262     
   9.7402000000039770        1.7207965446151166       0.75823720296255237     
   9.7602000000039304        1.7438230636189622        1.4894040213643644     
   9.7802000000038838        1.7714765701724484        1.3049205687286671     
   9.8002000000038372        1.8029908691759799        1.7421336845959623     
   9.8202000000037906        1.8319241863758640        1.2270152558271743     
   9.8402000000037440        1.8608787130275335        1.6272787761200187     
   9.8602000000036973        1.8908682607016867        1.4104899288459718     
   9.8802000000036507        1.9182447300246044        1.1489430510316425     
   9.9002000000036041        1.9355407719012991       0.81426585427307729     
   9.9202000000035575        1.9518791531234487       0.54906737701889330     
   9.9402000000035109        1.9569118049155227       0.28318923613294955     
   9.9602000000034643        1.9667235299287364       0.41055902219814927     
   9.9802000000034177        1.9660893173233607      -0.37818169863051698     
