  0.98999999999999999       0.36640000000000000        1.1919688988889747     
   1.0733999999999999       0.48690000000000000        1.2101744924464315     
   1.1471000000000000       0.60180000000000000        1.2264939459638400     
   2.0000000000000000        1.6561999999999999        1.4321482134083234     
   3.0000000000000000        2.9392999999999994        1.7175985714146069     
   1.3682000000000001        1.0831000000000000        1.2767846446106754     
   8.0000000000000000        4.5164000000000000        4.2617718211217026     
   1.5156000000000001        1.3283000000000000        1.3114522393423351     
   5.0000000000000000        3.7410999999999994        2.4705240131545745     
   3.0000000000000000        2.9810000000000003        1.7175985714146069     
   4.0000000000000000        2.8237000000000001        2.0599438137094368     
   4.4181999999999997        3.1404999999999998        2.2226211882344318     
   4.8364000000000003        3.2344000000000004        2.3981454802366042     
   5.2545000000000002        4.0674000000000001        2.5874842049532658     
   5.6726999999999999        4.1660000000000004        2.7918223690746999     
   6.0909000000000004        4.4337999999999997        3.0122974762687096     
   6.5091000000000001        4.2149000000000001        3.2501838892215171     
   6.9272999999999998        4.2107999999999999        3.5068566092749260     
   7.3455000000000004        4.8235999999999999        3.7837992240373999     
   7.7636000000000003        4.7699999999999996        4.0825382811826953     
   8.1818000000000008        4.9443000000000001        4.4049434868784010     
   8.5999999999999996        4.7812000000000001        4.7528095969185431     
   9.0182000000000002        5.2488000000000010        5.1281473035580367     
   9.4364000000000008        5.1355000000000013        5.5331260869443728     
   9.8544999999999998        4.7263000000000011        5.9699782485968731     
   10.272700000000000        5.0404000000000000        6.4414378976366313     
   10.690899999999999        5.6775000000000002        6.9501295417385016     
   11.109100000000000        4.9265999999999996        7.4989934568288144     
   11.527300000000000        5.7581000000000007        8.0912021175787725     
   11.945499999999999        5.7222999999999997        8.7301785345464538     
