   0.0000000000000000       0.34906665484110516        0.0000000000000000        1.8436764885006431     
   1.9999999552965164E-002  0.34735448292792587       -8.5608597572467138E-002   1.8459953431676699     
   3.9999999105930328E-002  0.34393853730466001      -0.17079728498090851        1.8517609033487028     
   5.9999998658895493E-002  0.33883557318430779      -0.25514821172061830        1.8608614906529062     
   7.9999998211860657E-002  0.33207062060545822      -0.33824763650290152        1.8731205981055674     
   9.9999997764825821E-002  0.32367686165995213      -0.41968795665606118        1.8883002073211259     
  0.11999999731779099       0.31369546773472429      -0.49906970741646911        1.9061052812350108     
  0.13999999687075615       0.30217539756615397      -0.57600352130319865        1.9261893575648255     
  0.15999999642372131       0.28917315709746699      -0.65011203796548656        1.9481611479181946     
  0.17999999597668648       0.27475252231708885      -0.72103175513522211        1.9715920279663588     
  0.19999999552965164       0.25898422643742691      -0.78841481160554228        1.9960242857172075     
  0.21999999508261681       0.24194561294846917      -0.85193069349002282        2.0209799780703386     
  0.23999999463558197       0.22372025624797237      -0.91126785539326383        2.0459702309938237     
  0.25999999418854713       0.20439755170904791      -0.96613524854102817        2.0705048063355003     
  0.27999999374151230       0.18407227719586411       -1.0162637483744557        2.0941017489878120     
  0.29999999329447746       0.16284412817823019       -1.0614074746060014        2.1162969223602266     
  0.31999999284744263       0.14081722872532523       -1.1013449972622265        2.1366532383182237     
  0.33999999240040779       0.11809962077714738       -1.1358804227977990        2.1547693902747498     
  0.35999999195337296        9.4802734198807026E-002  -1.1648443549533181        2.1702879051990953     
  0.37999999150633812        7.1040840217047721E-002  -1.1880947256439520        2.1829023420198186     
  0.39999999105930328        4.6930490919888386E-002  -1.2055174918033824        2.1923634801523946     
  0.41999999061226845        2.2589947568641227E-002  -1.2170271947650355        2.1984843624069224     
  0.43999999016523361       -1.8613994735652596E-003  -1.2225673794368348        2.2011440808727909     
  0.45999998971819878       -2.6303616351507575E-002  -1.2221108712134223        2.2002902219121281     
  0.47999998927116394       -5.0616813993417172E-002  -1.2156599092675962        2.1959399163522146     
  0.49999998882412910       -7.4681736166867602E-002  -1.2032461355671682        2.1881794724661083     
  0.51999998837709427       -9.8380344430584701E-002  -1.1849304396711142        2.1771626014169581     
  0.53999998793005943      -0.12159639711299132       -1.1608026600662922        2.1631072765374109     
  0.55999998748302460      -0.14421601947759680       -1.1309811435096722        2.1462912981681712     
  0.57999998703598976      -0.16612826227857005       -1.0956121645375025        2.1270466639071777     
  0.59999998658895493      -0.18722564596678121       -1.0548692079887219        2.1057528692531919     
  0.61999998614192009      -0.20740468787698124       -1.0089521180618386        2.0828292851397299     
  0.63999998569488525      -0.22656640981026643      -0.95808611807915334        2.0587267762891788     
  0.65999998524785042      -0.24461682352213587      -0.90252070576638221        2.0339187373922738     
  0.67999998480081558      -0.26146739173482297      -0.84252842946633233        2.0088917327311604     
  0.69999998435378075      -0.27703546241263555      -0.77840355128930283        1.9841359290759450     
  0.71999998390674591      -0.29124467417018407      -0.71046060375745834        1.9601355116994434     
  0.73999998345971107      -0.30402533082497080      -0.63903284702283381        1.9373592694926411     
  0.75999998301267624      -0.31531474325715908      -0.56447063422631605        1.9162515278275256     
  0.77999998256564140      -0.32505753689970102      -0.48713969301551663        1.8972235974574450     
  0.79999998211860657      -0.33320592335058419      -0.40741933165069066        1.8806458948386715     
  0.81999998167157173      -0.33971993477493972      -0.32570057849775147        1.8668408742599731     
  0.83999998122453690      -0.34456761994726887      -0.24238426403416818        1.8560768955052609     
  0.85999998077750206      -0.34772520097220155      -0.15787905477550673        1.8485631328223306     
  0.87999998033046722      -0.34917718991507118       -7.2599448766204736E-002   1.8444456120432229     
  0.89999997988343239      -0.34891646477023280        1.3036257533302245E-002   1.8438044430513651     
  0.91999997943639755      -0.34694430439450036        9.8608020990684553E-002   1.8466522946129238     
  0.93999997898936272      -0.34327038223435397       0.18369611211324788        1.8529341380334747     
  0.95999997854232788      -0.33791271887768587       0.26788317382106031        1.8625282652835364     
  0.97999997809529305      -0.33089759366281823       0.35075626858339481        1.8752485662617953     
  0.99999997764825821      -0.32225941577835088       0.43190890387728359        1.8908480288434861     
   1.0199999772012234      -0.31204055548609400       0.51094302603330943        1.9090234044295642     
   1.0399999767541885      -0.30029113629493753       0.58747097268882142        1.9294209610491722     
   1.0599999763071537      -0.28706878910504419       0.66111737427179196        1.9516432259091541     
   1.0799999758601189      -0.27243836952828882       0.73152099518853619        1.9752565999307283     
   1.0999999754130840      -0.25647163977148768       0.79833650568426950        1.9997997086328336     
   1.1199999749660492      -0.23924691664277972       0.86123617568552602        2.0247923371444738     
   1.1399999745190144      -0.22084868740768937       0.91991148231614228        2.0497447826350039     
   1.1599999740719795      -0.20136719537909589       0.97407462320193872        2.0741674455527455     
   1.1799999736249447      -0.18089799727379130        1.0234599281413419        2.0975804722744424     
   1.1999999731779099      -0.15954149450679234        1.0678251622177009        2.1195232565804800     
   1.2199999727308750      -0.13740244072240809        1.1069527139615336        2.1395636062133203     
   1.2399999722838402      -0.11458942797762334        1.1406506627347668        2.1573063839847166     
   1.2599999718368053       -9.1214354098067982E-002   1.1687537201014493        2.1724014406800545     
   1.2799999713897705       -6.7391873819191567E-002   1.1911240405675176        2.1845506694212133     
   1.2999999709427357       -4.3238836404795380E-002   1.2076518977129327        2.1935140280753180     
   1.3199999704957008       -1.8873712501403142E-002   1.2182562223997604        2.1991143974357965     
   1.3399999700486660        5.5839869602504061E-003   1.2228850004162872        2.2012411677738148     
   1.3599999696016312        3.0014296966324898E-002   1.2215155276067242        2.1998524743147030     
   1.3799999691545963        5.4297386848257322E-002   1.2141545212350895        2.1949760324459748     
   1.3999999687075615        7.8314148052181426E-002   1.2008380870370279        2.1867085551145879     
   1.4199999682605267       0.10194677836637460        1.1816315421211818        2.1752137669609559     
   1.4399999678134918       0.12507935974109666        1.1566290945887781        2.1607190612889671     
   1.4599999673664570       0.14759842686661426        1.1259533814428988        2.1435108760398882     
   1.4799999669194221       0.16939352372053570        1.0897548670539923        2.1239288926561115     
   1.4999999664723873       0.19035774535459177        1.0482111051321479        2.1023591863385902     
   1.5199999660253525       0.21038826226339807        1.0015258678261627        2.0792264771186142     
   1.5399999655783176       0.22938682476317046       0.94992814622116861        2.0549856479489557     
   1.5599999651312828       0.24726024490641596       0.89367102713737856        2.0301127084181938     
   1.5799999646842480       0.26392085356880740       0.83303045173925439        2.0050953906276354     
   1.5999999642372131       0.27928693046623115       0.76830386204411782        1.9804235673269313     
   1.6199999637901783       0.29328310499277388       0.69980874196908027        1.9565796818063208     
   1.6399999633431435       0.30584072591353828       0.62788106007245525        1.9340293746250659     
   1.6599999628961086       0.31689819809894465       0.55287362162800802        1.9132124844301612     
   1.6799999624490738       0.32640128464883644       0.47515433811511643        1.8945345893445178     
   1.6999999620020390       0.33430337292447093       0.39510442261299533        1.8783592421502411     
   1.7199999615550041       0.34056570318350843       0.31311651995057432        1.8650010372161003     
   1.7399999611079693       0.34515755869654535       0.22959278078364428        1.8547196302374458     
   1.7599999606609344       0.34805641641266932       0.14494288904592389        1.8477148137376478     
   1.7799999602138996       0.34924805743502202        5.9582052449398654E-002   1.8441227322278098     
   1.7999999597668648       0.34872663676448723       -2.6071034109472244E-002   1.8440133011796402     
   1.8199999593198299       0.34649471196941090      -0.11159624224818838        1.8473888737223765     
   1.8399999588727951       0.34256323064072858      -0.19657407082788975        1.8541841783715707     
   1.8599999584257603       0.33695147669403291      -0.28058770360640795        1.8642675302494340     
   1.8799999579787254       0.32968697578196915      -0.36322505372189995        1.8774432972670607     
   1.8999999575316906       0.32080536028091133      -0.44408078497887116        1.8934555817214531     
   1.9199999570846558       0.31035019451415891      -0.52275830002218093        1.9119930568565005     
   1.9399999566376209       0.29837276106893468      -0.59887168564703686        1.9326948773339334     
   1.9599999561905861       0.28493180925529871      -0.67204760570323241        1.9551575625029509     
   1.9799999557435513       0.27009326694078734      -0.74192713230893281        1.9789427321566939     
   1.9999999552965164       0.25392991717422825      -0.80816750639190571        2.0035855564979377     
   2.0199999548494816       0.23652104118489212      -0.87044381892274258        2.0286037657442413     
   2.0399999544024467       0.21795202950806947      -0.92845060459362061        2.0535070506708188     
   2.0599999539554119       0.19831396314450220      -0.98190334012561287        2.0778066739311707     
   2.0799999535083771       0.17770316680808246       -1.0305398398553474        2.1010251037249241     
   2.0999999530613422       0.15622073645313891       -1.0741215417556651        2.1227054767821811     
   2.1199999526143074       0.13397204339878913       -1.1124346775823426        2.1424206971216080     
   2.1399999521672726       0.11106621748262799       -1.1452913214073128        2.1597819809336820     
   2.1599999517202377        8.7615611778883343E-002  -1.1725303113953269        2.1744466664283713     
   2.1799999512732029        6.3735251506596161E-002  -1.1940180403027421        2.1861251205982346     
   2.1999999508261681        3.9542269830930621E-002  -1.2096491108210414        2.1945865924388763     
   2.2199999503791332        1.5155333325008680E-002  -1.2193468525506230        2.1996638839110045     
   2.2399999499320984       -9.3059400896213194E-003  -1.2230636980691039        2.2012567353150105     
   2.2599999494850636       -3.3721567868879955E-002  -1.2207814162495227        2.1993338501088275     
   2.2799999490380287       -5.7971791360525535E-002  -1.2125112016840160        2.1939335147245829     
   2.2999999485909939       -8.1937663220333440E-002  -1.1982936197743450        2.1851628007203252     
   2.3199999481439590      -0.10550163084880977       -1.1781984077586030        2.1731953686738033     
   2.3399999476969242      -0.12854811298668212       -1.1523241326500682        2.1582679246109513     
   2.3599999472498894      -0.15096406664096673       -1.1207977077660118        2.1406754095261200     
   2.3799999468028545      -0.17263954156083985       -1.0837737702178878        2.1207650298424556     
   2.3999999463558197      -0.19346821954360888       -1.0414339224163132        2.0989292607503089     
   2.4199999459087849      -0.21334793592548776      -0.99398584131125944        2.0755979746730464     
   2.4399999454617500      -0.23218118069926452      -0.94166225973662998        2.0512298632385990     
   2.4599999450147152      -0.24987557680087852      -0.88471982485572886        2.0263033328555711     
   2.4799999445676804      -0.26634433321891204      -0.82343783930694625        2.0013070612528638     
   2.4999999441206455      -0.28150667070449420      -0.75811689122433978        1.9767304052487233     
   2.5199999436736107      -0.29528821799350985      -0.68907737985286233        1.9530538488117555     
   2.5399999432265759      -0.30762137659764410      -0.61665794399009166        1.9307396755115775     
   2.5599999427795410      -0.31844565237496181      -0.54121380096295613        1.9102230411522976     
   2.5799999423325062      -0.32770795225366878      -0.46311500428677588        1.8919036111997101     
   2.5999999418854713      -0.33536284465362459      -0.38274462855280023        1.8761379140230181     
   2.6199999414384365      -0.34137278232823942      -0.30049689044736960        1.8632325454254075     
   2.6399999409914017      -0.34570828653371538      -0.21677521511910139        1.8534383428464027     
   2.6599999405443668      -0.34834809162228253      -0.13199025737856929        1.8469456293396016     
   2.6799999400973320      -0.34927924935019938       -4.6557887436491432E-002   1.8438806082579635     
   2.6999999396502972      -0.34849719238888732        3.9102848939618934E-002   1.8443029697496720     
   2.7199999392032623      -0.34600575672767708       0.12457178584490851        1.8482047498606984     
   2.7399999387562275      -0.34181716285828123       0.20942969815091250        1.8555104623929184     
   2.7599999383091927      -0.33595195583328330       0.29326035780477522        1.8660785027903397     
   2.7799999378621578      -0.32843890449265678       0.37565257542781488        1.8797038023245511     
   2.7999999374151230      -0.31931486035260720       0.45620221719939213        1.8961216898403193     
   2.8199999369680882      -0.30862457684888833       0.53451418713326693        1.9150128974508520     
   2.8399999365210533      -0.29642048982120339       0.61020436502337849        1.9360096260347739     
   2.8599999360740185      -0.28276246031541569       0.68290149055342431        1.9587025664381663     
   2.8799999356269836      -0.26771748096512360       0.75224898432868070        1.9826487532463863     
   2.8999999351799488      -0.25135934739279830       0.81790669689790496        2.0073801102495321     
   2.9199999347329140      -0.23376829624226164       0.87955257718636515        2.0324125307296770     
   2.9399999342858791      -0.21503061161795484       0.93688425215633542        2.0572553219393659     
   2.9599999338388443      -0.19523820186141327       0.98962050994682094        2.0814208321348895     
   2.9799999333918095      -0.17448814874085886        1.0375026792177129        2.1044340707858553     
   2.9999999329447746      -0.15288223126513495        1.0802958979326904        2.1258421285795475     
   3.0199999324977398      -0.13052642645767634        1.1177902653574892        2.1452232039793389     
   3.0399999320507050      -0.10753038953921812        1.1498018716229856        2.1621950476810938     
   3.0599999316036701       -8.4006916068946932E-002   1.1761736998030903        2.1764226455051245     
   3.0799999311566353       -6.0071388682292531E-002   1.1967763960827569        2.1876249740683544     
   3.0999999307096004       -3.5841211139110526E-002   1.2115089042384344        2.1955806818296155     
   3.1199999302625656       -1.1435232458249966E-002   1.2202989613188353        2.2001325704348553     
   3.1399999298155308        1.3026836036874302E-002   1.2231034520947059        2.2011907771751158     
   3.1599999293684959        3.7425007902313095E-002   1.2199086205390224        2.1987345881144855     
   3.1799999289214611        6.1639610107080571E-002   1.2107301373003012        2.1928128422216666     
   3.1999999284744263        8.5551870029361321E-002   1.1956130228380708        2.1835429187267508     
   3.2199999280273914       0.10904449803621057        1.1746314265975204        2.1711083319537754     
   3.2399999275803566       0.13200226278919408        1.1478882633064780        2.1557549890773715     
   3.2599999271333218       0.15431255645409370        1.1155147081786783        2.1377861956922315     
   3.2799999266862869       0.17586594704232489        1.0776695534993506        2.1175565209318319     
   3.2999999262392521       0.19655671517483161        1.0345384297490727        2.0954646574205298     
   3.3199999257922173       0.21628337263563205       0.98633289508627942        2.0719454310399503     
   3.3399999253451824       0.23494916017150941       0.93328939765451213        2.0474611309589226     
   3.3599999248981476       0.25246252209614117       0.87566811580429471        2.0224923414172364     
   3.3799999244511127       0.26873755537073274       0.81375168191834579        1.9975284633406603     
   3.3999999240040779       0.28369443095841579       0.74784379609976459        1.9730581161275802     
   3.4199999235570431       0.29725978538566750       0.67826773652305039        1.9495596081472177     
   3.4399999231100082       0.30936708059014201       0.60536477375468323        1.9274916589877753     
   3.4599999226629734       0.31995693028986089       0.52949249682102373        1.9072845477201883     
   3.4799999222159386       0.32897739127292125       0.45102305923416797        1.8893318498643545     
   3.4999999217689037       0.33638421817894582       0.37034135357900166        1.8739829118286100     
   3.5199999213218689       0.34214108052257197       0.28784312361510295        1.8615361957863716     
   3.5399999208748341       0.34621974089447949       0.20393302315363432        1.8522336106601209     
   3.5599999204277992       0.34860019346588089       0.11902263123043226        1.8462559264503677     
   3.5799999199807644       0.34927076211710995        3.3528433310870534E-002   1.8437193498620097     
   3.5999999195337296       0.34822815770898768       -5.2130221571313154E-002   1.8446733192683147     
   3.6199999190866947       0.34547749421604995      -0.13753317772099302        1.8490995566860244     
   3.6399999186396599       0.34103226364250250      -0.22226153364530515        1.8569123937462044     
   3.6599999181926250       0.33491426984394163      -0.30589969676543527        1.8679603677433196     
   3.6799999177455902       0.32715352157944422      -0.38803742189818369        1.8820290628341927     
   3.6999999172985554       0.31778808531860692      -0.46827182350855495        1.8988451504588877     
   3.7199999168515205       0.30686389852551604      -0.54620935186327380        1.9180815622210223     
   3.7399999164044857       0.29443454433548988      -0.62146772339219414        1.9393637079990826     
   3.7599999159574509       0.28056098872980445      -0.69367779578917943        1.9622766322276994     
   3.7799999155104160       0.26531128149756028      -0.76248537865508359        1.9863729824200460     
   3.7999999150633812       0.24876022245147270      -0.82755297080162959        2.0111816464970724     
   3.8199999146163464       0.23098899453479640      -0.88856141569471014        2.0362168998013037     
   3.8399999141693115       0.21208476561899564      -0.94521146691716107        2.0609878892996538     
   3.8599999137222767       0.19214026094534181      -0.99722525597241285        2.0850082719379168     
   3.8799999132752419       0.17125330830761273       -1.0443476552294433        2.1078058169071716     
   3.8999999128282070       0.14952635820677218       -1.0863475293237868        2.1289317781859594     
   3.9199999123811722       0.12706598133127117       -1.1230188688764777        2.1479698445226361     
   3.9399999119341373       0.10398234582782989       -1.1541818009700375        2.1645444793013935     
   3.9599999114871025        8.0388676926687108E-002  -1.1796834714251196        2.1783284726349228     
   3.9799999110400677        5.6400701571855200E-002  -1.1993987945502473        2.1890495425252134     
   3.9999999105930328        3.2136080780469367E-002  -1.2132310666871193        2.1964958408313429     
   4.0199999101459980        7.7138325155082406E-003  -1.2211124405420464        2.2005202426960926     
   4.0399999096989632       -1.6746252097304661E-002  -1.2230042579769205        2.2010433244526220     
   4.0599999092519283       -4.1124196344962727E-002  -1.2188972396273796        2.1980549641420795     
   4.0799999088048935       -6.5300426412943646E-002  -1.2088115304180895        2.1916145297797276     
   4.0999999083578587       -8.9156357894759800E-002  -1.1927966007518891        2.1818496524797943     
   4.1199999079108238      -0.11257497744846223       -1.1709310038574687        2.1689536135138350     
   4.1399999074637890      -0.13544141674707330       -1.1433219904857908        2.1531814053657570     
   4.1599999070167542      -0.15764351590772097       -1.1101049828451639        2.1348445559436402     
   4.1799999065697193      -0.17907237363585513       -1.0714429103553236        2.1143048314961170     
   4.1999999061226845      -0.19962288138608827       -1.0275254104786407        2.0919669567741934     
   4.2199999056756496      -0.21919423891960202      -0.97856789854838466        2.0682705100527388     
   4.2399999052286148      -0.23769044872931014      -0.92481051115653201        2.0436811654289948     
   4.2599999047815800      -0.25502078690762292      -0.86651692828380189        2.0186814651764147     
   4.2799999043345451      -0.27110024814720640      -0.80397307994937284        1.9937613108493999     
   4.2999999038875103      -0.28584996269200780      -0.73748574372416198        1.9694083634594937     
   4.3199999034404755      -0.29919758319340251      -0.66738103998686538        1.9460985406545595     
   4.3399999029934406      -0.31107763957393308      -0.59400283230352713        1.9242867928042033     
   4.3599999025464058      -0.32143186015803377      -0.51771104077677654        1.9043983306646268     
   4.3799999020993710      -0.33020945749459424      -0.43887987663775413        1.8868204653316891     
   4.3999999016523361      -0.33736737746940332      -0.35789600674005417        1.8718952069592332     
   4.4199999012053013      -0.34287051048557549      -0.27515665695883940        1.8599127526618375     
   4.4399999007582664      -0.34669186367612070      -0.19106766379795637        1.8511059765332216     
   4.4599999003112316      -0.34881269330395481      -0.10604148376191747        1.8456460161323014     
   4.4799998998641968      -0.34922259669992839       -2.0495170256780354E-002   1.8436390303951848     
   4.4999998994171619      -0.34791956328791795        6.5151672056774329E-002   1.8451241839400678     
   4.5199998989701271      -0.34490998444670190       0.15047894542426898        1.8500728923084975     
   4.5399998985230923      -0.34020862216024794       0.23506811957687998        1.8583893419584634     
   4.5599998980760574      -0.33383853661018303       0.31850428462237185        1.8699122778991879     
   4.5799998976290226      -0.32583097306560432       0.40037818617808429        1.8844180308399976     
   4.5999998971819878      -0.31622520862503700       0.48028823276364541        1.9016247347401707     
   4.6199998967349529      -0.30506835956226902       0.55784246560714978        1.9211976648536588     
   4.6399998962879181      -0.29241515022103226       0.63266048120290241        1.9427556059743345     
   4.6599998958408833      -0.27832764459210091       0.70437529719058245        1.9658781408785124     
   4.6799998953938484      -0.26287494188942195       0.77263515240369052        1.9901137302738219     
   4.6999998949468136      -0.24613283761847632       0.83710523225804145        2.0149884383039431     
   4.7199998944997787      -0.22818345179933092       0.89746931101727179        2.0400151422901152     
   4.7399998940527439      -0.20911482616794691       0.95343130288005062        2.0647030524144081     
   4.7599998936057091      -0.18902049233147206        1.0047167142809110        2.0885673569839120     
   4.7799998931586742      -0.16799901299571543        1.0510739902811652        2.1111388022631021     
   4.7999998927116394      -0.14615349851508355        1.0922757484458592        2.1319730130809358     
   4.8199998922646046      -0.12359110113630052        1.1281198941545960        2.1506593618862149     
   4.8399998918175697      -0.10042248941664668        1.1584306118756338        2.1668291999014961     
   4.8599998913705349       -7.6761305394694307E-002   1.1830592275410527        2.1801632746307806     
   4.8799998909235001       -5.2723607176117793E-002   1.2018849377930474        2.1903981731614972     
   4.8999998904764652       -2.8427299668694884E-002   1.2148154025243856        2.1973316502388442     
   4.9199998900294304       -3.9915562587437697E-003   1.2217871978066277        2.2008267235697296     
   4.9399998895823956        2.0463765734326973E-002   1.2227661269844898        2.2008144456495833     
   4.9599998891353607        4.4818712958160173E-002   1.2177473884104353        2.1972952908606782     
   4.9799998886883259        6.8953824398633484E-002   1.2067555989967556        2.1903391278059341     
   4.9999998882412910        9.2750717336123806E-002   1.1898446734696173        2.1800837788768104     
   5.0199998877942562       0.11609266801273724        1.1670975599173352        2.1667322009316172     
   5.0399998873472214       0.13886518416233193        1.1386258329300054        2.1505483517182307     
   5.0599998869001865       0.16095656659507404        1.1045691463261502        2.1318518354097975     
   5.0799998864531517       0.18225845708195468        1.0650945481507501        2.1110114465336198     
   5.0999998860061169       0.20266636985189421        1.0203956613045968        2.0884377539997794     
   5.1199998855590820       0.22208020409444079       0.97069173382398055        2.0645748853778438     
   5.1399998851120472       0.24040473495423742       0.91622656346909059        2.0398916857039420     
   5.1599998846650124       0.25755008060892948       0.85726730189602152        2.0148724347813585     
   5.1799998842179775       0.27343214313949615       0.79410314427792195        1.9900073121887789     
   5.1999998837709427       0.28797302103053607       0.72704391080269437        1.9657828002037758     
   5.2199998833239079       0.30110139127719410       0.65641852700499881        1.9426722118803068     
   5.2399998828768730       0.31275285922449414       0.58257341038653265        1.9211265249741911     
   5.2599998824298382       0.32287027442311655       0.50587077123821345        1.9015656927339637     
   5.2799998819828033       0.33140401095234728       0.42668683599873164        1.8843705902353445     
   5.2999998815357685       0.33831221083521501       0.34541000186390014        1.8698757404004773     
   5.3199998810887337       0.34356098935186447       0.26243893169844063        1.8583629475433541     
   5.3399998806416988       0.34712460124410482       0.17818059859466523        1.8500559486085366     
   5.3599998801946640       0.34898556699589883        9.3048289669492246E-002   1.8451161735508046     
   5.3799998797476292       0.34913475857038756        7.4595788911717698E-003   1.8436396868061593     
   5.3999998793005943       0.34757144418291047       -7.8165721120994097E-002   1.8456553617379226     
   5.4199998788535595       0.34430329189040909      -0.16340761827751427        1.8511243194643869     
   5.4399998784065247       0.33934633197960834      -0.24784800107987293        1.8599406427097114     
   5.4599998779594898       0.33272487833846148      -0.33107268945739526        1.8719333543731846     
   5.4799998775124550       0.32447140919653172      -0.41267346632045993        1.8868696294906233     
   5.4999998770654202       0.31462640781927886      -0.49225007986528996        1.9044591882940078     
   5.5199998766183853       0.30323816393764563      -0.56941220680901716        1.9243597973289204     
   5.5399998761713505       0.29036253688693126      -0.64378136692535248        1.9461837852850785     
   5.5599998757243156       0.27606268161675662      -0.71499277949006468        1.9695054606180595     
   5.5799998752772808       0.26040873891604144      -0.78269715253040251        1.9938692995421303     
   5.5999998748302460       0.24347749137244049      -0.84656239610219230        2.0187987559712219     
   5.6199998743832111       0.22535198675375737      -0.90627525119098662        2.0438055299474911     
   5.6399998739361763       0.20612113065865043      -0.96154282624750442        2.0683991185303889     
   5.6599998734891415       0.18587925043467859       -1.0120940338206559        2.0920964635410262     
   5.6799998730421066       0.16472563250266944       -1.0576809202414679        2.1144315044658759     
   5.6999998725950718       0.14276403535683321       -1.0980798818358095        2.1349644426676302     
   5.7199998721480370       0.12010218062935724       -1.1330927617003956        2.1532905251905508     
   5.7399998717010021        9.6851224715808995E-002  -1.1625478216623810        2.1690481631248582     
   5.7599998712539673        7.3125213553025009E-002  -1.1863005846550836        2.1819262108040256     
   5.7799998708069324        4.9040523223800106E-002  -1.2042345433779849        2.1916702479756109     
   5.7999998703598976        2.4715289132210876E-002  -1.2162617317650297        2.1980877272545198     
   5.8199998699128628        2.6882654946845663E-004  -1.2223231564581725        2.2010518731993072     
   5.8399998694658279       -2.4178954627476913E-002  -1.2223890861697937        2.2005042466377396     
   5.8599998690187931       -4.8508138033970541E-002  -1.2164591975146632        2.1964559176488985     
   5.8799998685717583       -7.2599389027412004E-002  -1.2045625765961450        2.1889872220112281     
   5.8999998681247234       -9.6334540023667273E-002  -1.1867575763388623        2.1782461079998852     
   5.9199998676776886      -0.11959717010905910       -1.1631315302676071        2.1644451121851995     
   5.9399998672306538      -0.14227317608493903       -1.1338003241364087        2.1478570333900535     
   5.9599998667836189      -0.16425133214386733       -1.0989078275089192        2.1288094023175770     
   5.9799998663365841      -0.18542383543218932       -1.0586251880782160        2.1076778697807956     
   5.9999998658895493      -0.20568683482302361       -1.0131499921873812        2.0848786583138801     
   6.0199998654425144      -0.22494094030603090      -0.96270529566850538        2.0608602397473841     
   6.0399998649954796      -0.24309171049540654      -0.90753852975384919        2.0360944147912625     
   6.0599998645484447      -0.26005011586487004      -0.84792028742566983        2.0110669796708645     
   6.0799998641014099      -0.27573297543748410      -0.78414299615766547        1.9862681694497284     
   6.0999998636543751      -0.29006336478833972      -0.71651948355824069        1.9621830680419652     
   6.1199998632073402      -0.30297099335885397      -0.64538144295111310        1.9392821713772963     
   6.1399998627603054      -0.31439254923195403      -0.57107780641958816        1.9180122831308930     
   6.1599998623132706      -0.32427200967702524      -0.49397303329471903        1.8987879123179832     
   6.1799998618662357      -0.33256091594140008      -0.41444532248231802        1.8819833293501118     
   6.1999998614192009      -0.33921861094053607      -0.33288475739735468        1.8679254223175705     
   6.2199998609721661      -0.34421243868101209      -0.24969139260483778        1.8568874787299747     
   6.2399998605251312      -0.34751790443817332      -0.16527329155220677        1.8490840000938829     
   6.2599998600780964      -0.34911879490275377       -8.0044525018155885E-002   1.8446666378528620     
   6.2799998596310616      -0.34900725770715679        5.5768599045011719E-003   1.8437213196194346     
   6.2999998591840267      -0.34718383994131763        9.1170890329787049E-002   1.8462666144900302     
   6.3199998587369919      -0.34365748546922714       0.17631772754553168        1.8522533657057252     
   6.3399998582899570      -0.33844549105927990       0.26059972632222095        1.8615655981225288     
   6.3599998578429222      -0.33157342154362635       0.34360348346281289        1.8740226869897727     
   6.3799998573958874      -0.32307498442267352       0.42492186554538502        1.8893827535129573     
   6.3999998569488525      -0.31299186452979810       0.50415600591253540        1.9073472317313809     
   6.4199998565018177      -0.30137351956724229       0.58091726111230402        1.9275665305458669     
   6.4399998560547829      -0.28827693751608824       0.65482911719427295        1.9496466945182782     
   6.4599998556077480      -0.27376635711021574       0.72552903651046174        1.9731569476270781     
   6.4799998551607132      -0.25791295274531773       0.79267023596246089        1.9976379858642235     
   6.4999998547136784      -0.24079448536849526       0.85592338797250100        2.0226108678233894     
   6.5199998542666435      -0.22249492106081853       0.91497823583519455        2.0475863377346739     
   6.5399998538196087      -0.20310401918370596       0.96954511552665024        2.0720744032558582     
   6.5599998533725739      -0.18271689210926406        1.0193563765064859        2.0955939812514863     
   6.5799998529255390      -0.16143353869410992        1.0641676945437077        2.1176824192718273     
   6.5999998524785042      -0.13935835378498793        1.1037592701270422        2.1379046989204959     
   6.6199998520314693      -0.11659961616205493        1.1379369065815217        2.1558621301171836     
   6.6399998515844345       -9.3268957431472635E-002   1.1665329626031582        2.1712003526418950     
   6.6599998511373997       -6.9480814472388547E-002   1.1894071745395263        2.1836164733590264     
   6.6799998506903648       -4.5351868124053209E-002   1.2064473443829664        2.1928651840619868     
   6.6999998502433300       -2.1000470866313299E-002   1.2175698901018033        2.1987637256678316     
   6.7199998497962952        3.4539336992922345E-003   1.2227202556102041        2.2011955890615282     
   6.7399998493492603        2.7891396720387873E-002   1.2218731783657757        2.2001128706069881     
   6.7599998489022255        5.2192052442872512E-002   1.2150328132823316        2.1955372304284864     
   6.7799998484551907        7.6236706152433442E-002   1.2022327123500416        2.1875594331328903     
   6.7999998480081558        9.9907418824610211E-002   1.1835356600629219        2.1763374827337079     
   6.8199998475611210       0.12308808561569987        1.1590333654608973        2.1620933951748804     
   6.8399998471140862       0.14566500535700574        1.1288460122969681        2.1451086820859113     
   6.8599998466670513       0.16752743825906050        1.0931216695359112        2.1257186473543723     
   6.8799998462200165       0.18856814909028435        1.0520355650760205        2.1043056230158248     
   6.8999998457729816       0.20868393316578712        1.0057892262562800        2.0812912922199334     
   6.9199998453259468       0.22777612256633908       0.95460949136478279        2.0571282641883388     
   6.9399998448789120       0.24575107010450661       0.89874739699694672        2.0322910788660313     
   6.9599998444318771       0.26252060866409888       0.83847694672103446        2.0072668272910001     
   6.9799998439848423       0.27800248365986546       0.77409376709067379        1.9825455776378094     
   6.9999998435378075       0.29212075649623021       0.70591365759663671        1.9586107966423727     
   7.0199998430907726       0.30480617704609619       0.63427104167036308        1.9359299520139577     
   7.0399998426437378       0.31599652332271361       0.55951732633705686        1.9149454738937914     
   7.0599998421967030       0.32563690667851936       0.48201917856425691        1.8960662428828634     
   7.0799998417496681       0.33368004103394910       0.40215672676039116        1.8796597591052118     
   7.0999998413026333       0.34008647481565346       0.32032169624496470        1.8660451316553150     
   7.1199998408555984       0.34482478446646198       0.23691548783590005        1.8554870110216555     
   7.1399998404085636       0.34787172857792864       0.15234720897855825        1.8481905690541156     
   7.1599998399615288       0.34921236188943822        6.7031667073753257E-002   1.8442976120612775     
   7.1799998395144939       0.34884010859470843       -1.8612665152514862E-002   1.8438838929336210     
   7.1999998390674591       0.34675679459611919      -0.10416570225774641        1.8469576679821615     
   7.2199998386204243       0.34297263854866161      -0.18920780660200287        1.8534595236053888     
   7.2399998381733894       0.33750620173743606      -0.27332184667049608        1.8632634770664749     
   7.2599998377263546       0.33038429703455036      -0.35609524310363383        1.8761793346813931     
   7.2799998372793198       0.32164185738198420      -0.43712199239874483        1.8919562696985524     
   7.2999998368322849       0.31132176444551174      -0.51600465835722542        1.9102875612302042     
   7.3199998363852501       0.29947463828013443      -0.59235632150906126        1.9308164149577300     
   7.3399998359382153       0.28615858903871544      -0.66580247695279560        1.9531427662167065     
   7.3599998354911804       0.27143893194168461      -0.73598287130204021        1.9768309467784264     
   7.3799998350441456       0.25538786690588777      -0.80255326972830543        2.0014180785546372     
   7.3999998345971107       0.23808412440400045      -0.86518714443280609        2.0264230409956112     
   7.4199998341500759       0.21961257929156591      -0.92357727626528707        2.0513558446114439     
   7.4399998337030411       0.20006383449583581      -0.97743726163393041        2.0757272313348283     
   7.4599998332560062       0.17953377660841940       -1.0265029173149491        2.0990583138755619     
   7.4799998328089714       0.15812310556155965       -1.0705335762712784        2.1208900612795567     
   7.4999998323619366       0.13593684069497389       -1.1093132681243723        2.1407924370228173     
   7.5199998319149017       0.11308380563600118       -1.1426517784888925        2.1583729994718794     
   7.5399998314678669        8.9676094519719238E-002  -1.1703855819742535        2.1732847826264812     
   7.5599998310208321        6.5828522167221057E-002  -1.1923786442766489        2.1852332877725482     
   7.5799998305737972        4.1658060918926959E-002  -1.2085230894273011        2.1939824338848810     
   7.5999998301267624        1.7283266885264496E-002  -1.2187397289240789        2.1993593360174741     
   7.6199998296797276       -7.1763015710434169E-003  -1.2229784501510941        2.2012578060132388     
   7.6399998292326927       -3.1600670268737779E-002  -1.2212184621810780        2.1996404979962239     
   7.6599998287856579       -5.5870037681372692E-002  -1.2134683977548781        2.1945396514806985     
   7.6799998283386230       -7.9865362563792675E-002  -1.1997662709378654        2.1860564166407133     
   7.6999998278915882      -0.10346894784943034       -1.1801792906609461        2.1743587783682248     
   7.7199998274445534      -0.12656501795440817       -1.1548035310607616        2.1596781272312238     
   7.7399998269975185      -0.14904028665676788       -1.1237634602360560        2.1423045553842406     
   7.7599998265504837      -0.17078451276537979       -1.0872113297316619        2.1225809830212374     
   7.7799998261034489      -0.19169104085297617       -1.0453264277446859        2.1008962453544067     
   7.7999998256564140      -0.21165732440101326      -0.99831419971591639        2.0776772907614531     
   7.8199998252093792      -0.23058542879033622      -0.94640524061995368        2.0533806572485931     
   7.8399998247623444      -0.24838251167047798      -0.88985416389687810        2.0284834064853334     
   7.8599998243153095      -0.26496127835138061      -0.82893835257334803        2.0034737023134159     
   7.8799998238682747      -0.28024040998384292      -0.76395659869887655        1.9788412239104411     
   7.8999998234212399      -0.29414496242846899      -0.69522763777085350        1.9550676029305860     
   7.9199998229742050      -0.30660673385666581      -0.62308858533695721        1.9326170692915225     
   7.9399998225271702      -0.31756459928060682      -0.54789328344342059        1.9119274822449255     
   7.9599998220801353      -0.32696481037129221      -0.47001056503982397        1.8934019124174521     
   7.9799998216331005      -0.33476125909409815      -0.38982244485350753        1.8774009271102454     
   7.9999998211860657      -0.34091570386868292      -0.30772224560736544        1.8642357157518368     
   8.0199998207390308      -0.34539795714393517      -0.22411266877192243        1.8541621754273734     
   8.0399998202919960      -0.34818603346790988      -0.13940381931465418        1.8473760582185461     
   8.0599998198449612      -0.34926625732646810       -5.4011194135155677E-002   1.8440092629846692     
   8.0799998193979263      -0.34863333022167275        3.1646355947117011E-002   1.8441273344356004     
   8.0999998189508915      -0.34629035666092067       0.11714868065608157        1.8477282120759289     
   8.1199998185038567      -0.34224882892933389       0.20207639109609896        1.8547422509775435     
   8.1399998180568218      -0.33652857072010217       0.28601291685447189        1.8650335154772193     
   8.1599998176097870      -0.32915763989926961       0.36854654927928471        1.8784023259010398     
   8.1799998171627522      -0.32017219088190391       0.44927246091030704        1.8945890174027058     
   8.1999998167157173      -0.30961629729469348       0.52779469115765287        1.9132788491123627     
   8.2199998162686825      -0.29754173579481213       0.60372808848844106        1.9341079812167927     
   8.2399998158216476      -0.28400773210542002       0.67670019959503269        1.9566704175801037     
   8.2599998153746128      -0.26908067051349638       0.74635309627847402        1.9805257923816564     
   8.2799998149275780      -0.25283376825491732       0.81234513108628259        2.0052078613771758     
   8.2999998144805431      -0.23534671638391991       0.87435261309317402        2.0302335422222413     
   8.3199998140335083      -0.21670528888848783       0.93207139560502350        2.0551123343236206     
   8.3399998135864735      -0.19700092196894725       0.98521836799837503        2.0793559374177191     
   8.3599998131394386      -0.17633026554341191        1.0335328443780267        2.1024878800295506     
   8.3799998126924038      -0.15479470917994262        1.0767778422413248        2.1240529646197923     
   8.3999998122453690      -0.13249988478072439        1.1147412448773197        2.1436263359937744     
   8.4199998117983341      -0.10955514845759490        1.1472368417992163        2.1608219837353517     
   8.4399998113512993       -8.6073044140324947E-002   1.1741052421067948        2.1753004982182995     
   8.4599998109042645       -6.2168751548652243E-002   1.1952146562987647        2.1867759131575286     
   8.4799998104572296       -3.7959521235765584E-002   1.2104615427002570        2.1950214855355146     
   8.4999998100101948       -1.3564099474351145E-002   1.2197711153347310        2.1998742857361804     
   8.5199998095631599        1.0897854193865238E-002   1.2230977107491834        2.2012384963207330     
   8.5399998091161251        3.5306353888160356E-002   1.2204250119933806        2.1990873464065892     
   8.5599998086690903        5.9541675919548676E-002   1.2117661286544994        2.1934636392455769     
   8.5799998082220554        8.3484946035466912E-002   1.1971635325546022        2.1844788624269280     
   8.5999998077750206       0.10701872249797308        1.1766888494263534        2.1723109021862603     
   8.6199998073279858       0.13002757213546134        1.1504425075888070        2.1572004146096182     
   8.6399998068809509       0.15239863654235927        1.1185532453465092        2.1394459361498699     
   8.6599998064339161       0.17402218564959779        1.0811774795281262        2.1193978429763707     
   8.6799998059868813       0.19479215595059099        1.0384985382619114        2.0974512925380999     
   8.6999998055398464       0.21460667074272710       0.99072576175125260        2.0740383007701233     
   8.7199998050928116       0.23336853983258646       0.93809347546099064        2.0496191242202051     
   8.7399998046457767       0.25098573625383214       0.88085984075103452        2.0246731278022989     
   8.7599998041987419       0.26737184765947225       0.81930558859491165        1.9996893258555664     
   8.7799998037517071       0.28244650017441481       0.75373264259436645        1.9751567868182842     
   8.7999998033046722       0.29613575262931852       0.68446263804411833        1.9515550903662358     
   8.8199998028576374       0.30837245924202217       0.61183534431076791        1.9293450206694505     
   8.8399998024106026       0.31909659896760056       0.53620699826408158        1.9089596709150984     
   8.8599998019635677       0.32825556990158511       0.45794855693517517        1.8907961228910815     
   8.8799998015165329       0.33580444729230069       0.37744387797230650        1.8752078516940172     
   8.8999998010694981       0.34170620389676898       0.29508783681914258        1.8624979899663154     
   8.9199998006224632       0.34593189159933230       0.21128438985074099        1.8529135688880707     
   8.9399998001754284       0.34846078340215841       0.12644459296756358        1.8466408348037913     
   8.9599997997283936       0.34928047509116322        4.0984585366318563E-002   1.8438017211432527     
   8.9799997992813587       0.34838694607867987       -4.4676451622764859E-002   1.8444515354305702     
   8.9999997988343239       0.34578457912444077      -0.13011835062032678        1.8485779008427217     
   9.0199997983872890       0.34148613883814166      -0.21492201911883757        1.8561009711133820     
   9.0399997979402542       0.33551270906903197      -0.29867149513131280        1.8668749166902778     
   9.0599997974932194       0.32789358948963604      -0.38095598748482501        1.8806906590484822     
   9.0799997970461845       0.31866615188086189      -0.46137189075117296        1.8972798090559984     
   9.0999997965991497       0.30787565682341878      -0.53952476493147383        1.9163197444317626     
   9.1199997961521149       0.29557503169467270      -0.61503127018432491        1.9374397408286124     
   9.1399997957050800       0.28182461105986467      -0.68752104710769424        1.9602280511738046     
   9.1599997952580452       0.26669184073107333      -0.75663853335175679        1.9842398089329809     
   9.1799997948110104       0.25025094694551214      -0.82204470765219140        2.0090056133220831     
   9.1999997943639755       0.23258257228584203      -0.88341875272945380        2.0340406386261902     
   9.2199997939169407       0.21377338012831013      -0.94045962889750656        2.0588540961890311     
   9.2399997934699059       0.19391562955889635      -0.99288755066345424        2.0829588668280543     
   9.2599997930228710       0.17310672284250442       -1.0404453590753631        2.1058811139174174     
   9.2799997925758362       0.15144872766486037       -1.0828997830868985        2.1271696836366272     
   9.2999997921288013       0.12904787649052266       -1.1200425837517887        2.1464050993047339     
   9.3199997916817665       0.10601404549265214       -1.1516915756358386        2.1632079616012794     
   9.3399997912347317        8.2460215610391879E-002  -1.1776915204364697        2.1772465759708006     
   9.3599997907876968        5.8501918377369941E-002  -1.1979148884265813        2.1882436426110932     
   9.3799997903406620        3.4256669239536477E-002  -1.2122624839878513        2.1959818629724350     
   9.3999997898936272        9.8433911419110592E-003  -1.2206639321652359        2.2003083392781027     
   9.4199997894465923       -1.4618168788452835E-002  -1.2230780238561190        2.2011376696713727     
   9.4399997889995575       -3.9008026602116136E-002  -1.2194929179409557        2.1984536704971873     
   9.4599997885525227       -6.3206550048516261E-002  -1.2099261993639643        2.1923096881042219     
   9.4799997881054878       -8.7095045372146268E-002  -1.1944247928789751        2.1828274944800561     
   9.4999997876584530      -0.11055633950541581       -1.1730647328835171        2.1701947930363397     
   9.5199997872114182      -0.13347535480253797       -1.1459507904701047        2.1546613919716062     
   9.5399997867643833      -0.15573967349537240       -1.1132159595240376        2.1365341319352842     
   9.5599997863173485      -0.17724008910256872       -1.0750208043884038        2.1161706813692867     
   9.5799997858703136      -0.19787114208734854       -1.0315526722959905        2.0939723362155642     
   9.5999997854232788      -0.21753163713652468      -0.98302477443112246        2.0703759801091173     
   9.6199997849762440      -0.23612513952350392      -0.92967514012882091        2.0458453763602651     
   9.6399997845292091      -0.25356044812061307      -0.87176544934093436        2.0208619737800961     
   9.6599997840821743      -0.26975204274062264      -0.80957974909599695        1.9959154147032094     
   9.6799997836351395      -0.28462050361325819      -0.74342306024857652        1.9714939355511074     
   9.6999997831881046      -0.29809290093916679      -0.67361988135200812        1.9480748482263406     
   9.7199997827410698      -0.31010315261057708      -0.60051259699301707        1.9261152848993544     
   9.7399997822940350      -0.32059234834403227      -0.52445979839534906        1.9060433797803200     
   9.7599997818470001      -0.32950903863532566      -0.44583452452984734        1.8882500497231391     
   9.7799997813999653      -0.33680948711931452      -0.36502243235833143        1.8730815214564163     
   9.7999997809529305      -0.34245788509678760      -0.28241990518623139        1.8608327373208335     
   9.8199997805058956      -0.34642652717613170      -0.19843210840250736        1.8517417540145453     
   9.8399997800588608      -0.34869594716827523      -0.11347100214345009        1.8459852303521385     
   9.8599997796118259      -0.34925501356834404       -2.7953320628246472E-002   1.8436750807104447     
   9.8799997791647911      -0.34810098415569196        5.7701471922331063E-002   1.8448563508879656     
   9.8999997787177563      -0.34523951944449283       0.14307323875789296        1.8495063527133033     
   9.9199997782707214      -0.34068465491891881       0.22774323136915842        1.8575350730320574     
   9.9399997778236866      -0.33445873218909183       0.31129614344935891        1.8687868517892101     
   9.9599997773766518      -0.32659228940548779       0.39332214797163856        1.8830433029099707     
   9.9799997769296169      -0.31712391146931079       0.47341890739058701        1.9000274306880760     
   9.9999997764825821      -0.30610004077355618       0.55119354710786650        1.9194088735731516     
