   2.0000000000000001E-004   6.8571413289800598E-008   6.8571413289800600E-004
   2.0199999999999989E-002   1.3841721927528436E-003  0.13762184697151328     
   4.0199999999999868E-002   5.4967729533269430E-003  0.27333311626042495     
   6.0199999999999747E-002   1.2301298436451171E-002  0.40661573667134604     
   8.0200000000000243E-002   2.1737373063242488E-002  0.53629560281748623     
  0.10020000000000082        3.3721555802841897E-002  0.66124262269177969     
  0.12020000000000139        4.8148359291361881E-002  0.78038449546482636     
  0.14020000000000196        6.4891537494108295E-002  0.89271975973701623     
  0.16020000000000253        8.3805625656293431E-002  0.99732994757471805     
  0.18020000000000311       0.10472771310388762        1.0933906909802669     
  0.20020000000000368       0.12747942651876207        1.1801816407065995     
  0.22020000000000425       0.15186909865803402        1.2570950723617549     
  0.24020000000000483       0.17769409515012993        1.3236430713656857     
  0.26020000000000398       0.20474327000913525        1.3794632063116761     
  0.28020000000000178       0.23279951888966752        1.4243226194191008     
  0.30019999999999958       0.26164239787733118        1.4581204828012384     
  0.32019999999999738       0.29105077479027330        1.4808887899575185     
  0.34019999999999517       0.32080547956583899        1.4927914729720739     
  0.36019999999999297       0.35069192032793817        1.4941218570929369     
  0.38019999999999077       0.38050263217509855        1.4852984854104316     
  0.40019999999998856       0.41003972659078269        1.4668593669825680     
  0.42019999999998636       0.43911721064536680        1.4394547217087035     
  0.44019999999998416       0.46756314681719879        1.4038383142773598     
  0.46019999999998196       0.49522162628737842        1.3608574873693109     
  0.48019999999997975       0.52195453093361166        1.3114420207566402     
  0.50019999999997755       0.54764306193270473        1.2565919577939331     
  0.52019999999997535       0.57218901584494908        1.1973645538613891     
  0.54019999999997315       0.59551579225930606        1.1348605124254385     
  0.56019999999997094       0.61756912048525470        1.0702096833903854     
  0.58019999999996874       0.63831749634240298        1.0045564052102545     
  0.60019999999996654       0.65775232377718018       0.93904467672745184     
  0.62019999999996434       0.67588775978064464       0.87480334684729655     
  0.64019999999996213       0.69276026484520714       0.81293150991744811     
  0.66019999999995993       0.70842786493320720       0.75448429206227463     
  0.68019999999995773       0.72296913458947054       0.70045920875705858     
  0.70019999999995552       0.73648191436697863       0.65178326667867270     
  0.72019999999995332       0.74908177910462403       0.60930097342984735     
  0.74019999999995112       0.76090027675622329       0.57376340722271824     
  0.76019999999994892       0.77208296038037805       0.54581848517002673     
  0.78019999999994671       0.78278723852456189       0.52600255363905946     
  0.80019999999994451       0.79318007154079440       0.51473340736673945     
  0.82019999999994231       0.80343554332521394       0.51230482592634363     
  0.84019999999994011       0.81373233955504565       0.51888269690637912     
  0.86019999999993790       0.82425116468382742       0.53450277505380983     
  0.88019999999993570       0.83517213073433660       0.55907010590165984     
  0.90019999999993350       0.84667215128845175       0.59236012130755167     
  0.92019999999993130       0.85892237400983174       0.63402139314213890     
  0.94019999999992909       0.87208568454938329       0.68358001035289051     
  0.96019999999992689       0.88631431378132741       0.74044552405542641     
  0.98019999999992469       0.90174757901061287       0.80391838543208205     
   1.0001999999999225       0.91850978809702966       0.87319878229729686     
   1.0201999999999203       0.93670833337909332       0.94739676246121696     
   1.0401999999999181       0.95643199987776284        1.0255435157113548     
   1.0601999999999159       0.97774950954668793        1.1066036715434586     
   1.0801999999999137        1.0007083203463414        1.1894884568932425     
   1.1001999999999115        1.0253336956919723        1.2730695472132143     
   1.1201999999999093        1.0516280564005736        1.3561934354417429     
   1.1401999999999071        1.0795706236835110        1.4376961368360810     
   1.1601999999999049        1.1091173580442268        1.5164180433705896     
   1.1801999999999027        1.1402011951914621        1.5912187394901216     
   1.2001999999999005        1.1727325763149254        1.6609915914803286     
   1.2201999999998983        1.2066002663401574        1.7246779255659477     
   1.2401999999998961        1.2416724501295693        1.7812806150386591     
   1.2601999999998938        1.2777980930736501        1.8298769041820566     
   1.2801999999998916        1.3148085491646093        1.8696303064085469     
   1.3001999999998894        1.3525193965067177        1.8998014257288884     
   1.3201999999998872        1.3907324773332093        1.9197575642918239     
   1.3401999999998850        1.4292381170051087        1.9289809940863334     
   1.3601999999998828        1.4678174941958373        1.9270757877978457     
   1.3801999999998806        1.5062451325454875        1.9137731220386580     
   1.4001999999998784        1.5442914825247442        1.8889349855006996     
   1.4201999999998762        1.5817255610999985        1.8525562447611739     
   1.4401999999998740        1.6183176160528188        1.8047650412527678     
   1.4601999999998718        1.6538417814880513        1.7458215140272053     
   1.4801999999998696        1.6880786911693033        1.6761148641260684     
   1.5001999999998674        1.7208180168473259        1.5961587973584666     
   1.5201999999998652        1.7518608996889165        1.5065854028048793     
   1.5401999999998630        1.7810222442597892        1.4081375441610908     
   1.5601999999998608        1.8081328462470811        1.3016598598545110     
   1.5801999999998586        1.8330413272041484        1.1880884854694820     
   1.6001999999998564        1.8556158520351873        1.0684396281850539     
   1.6201999999998542        1.8757456076795094       0.94379713745390204     
   1.6401999999998520        1.8933420244700065       0.81529922885029571     
   1.6601999999998498        1.9083397248894776       0.68412452872785057     
   1.6801999999998476        1.9206971878908359       0.55147761591821942     
   1.7001999999998454        1.9303971205392161       0.41857424306142960     
   1.7201999999998432        1.9374465324302605       0.28662642420658835     
   1.7401999999998410        1.9418765120923358       0.15682757700693156     
   1.7601999999998388        1.9437417083440283        3.0337907134375494E-002
   1.7801999999998366        1.9431195233038963       -9.1729780535328584E-002
   1.8001999999998344        1.9401090273901855      -0.20832366482606285     
   1.8201999999998322        1.9348296101580631      -0.31846571379079908     
   1.8401999999998300        1.9274193841561109      -0.42126355125307186     
   1.8601999999998278        1.9180333621004819      -0.51592123464103312     
   1.8801999999998256        1.9068414305246733      -0.60174880818437049     
   1.9001999999998234        1.8940261456289769      -0.67817051105474457     
   1.9201999999998212        1.8797803792941792      -0.74473153706496109     
   1.9401999999998190        1.8643048451102751      -0.80110326088515882     
   1.9601999999998168        1.8478055357792000      -0.84708686515363874     
   1.9801999999998146        1.8304911043617411      -0.88261532310962409     
   2.0001999999998126        1.8125702225386995      -0.90775371219884271     
   2.0201999999998104        1.7942489493363454      -0.92269785523675374     
   2.0401999999998082        1.7757281436226036      -0.92777130689074971     
   2.0601999999998060        1.7572009531150063      -0.92342072419377130     
   2.0801999999998038        1.7388504116616508      -0.91020968026209581     
   2.1001999999998016        1.7208471751743215      -0.88881100010050962     
   2.1201999999997994        1.7033474248263054      -0.85999771608920139     
   2.1401999999997972        1.6864909639985335      -0.82463275822140236     
   2.1601999999997950        1.6703995329935777      -0.78365751017798224     
   2.1801999999997927        1.6551753627687336      -0.73807937668192647     
   2.2001999999997905        1.6408999859022853      -0.68895852009018133     
   2.2201999999997883        1.6276333197392454      -0.63739393469424188     
   2.2401999999997861        1.6154130332060246      -0.58450903558098544     
   2.2601999999997839        1.6042542051812092      -0.53143694504552519     
   2.2801999999997817        1.5941492786077229      -0.47930566337045705     
   2.3001999999997795        1.5850683107766861      -0.42922331224252325     
   2.3201999999997773        1.5769595164533485      -0.38226363814985731     
   2.3401999999997751        1.5697500967975548      -0.33945195980246406     
   2.3601999999997729        1.5633473434028806      -0.30175173798716798     
   2.3801999999997707        1.5576400032855562      -0.27005193837723918     
   2.4001999999997685        1.5524998873409122      -0.24515534776630754     
   2.4201999999997663        1.5477837016932410      -0.22776799211308943     
   2.4401999999997641        1.5433350785338735      -0.21848979082112455     
   2.4601999999997619        1.5389867805077406      -0.21780656601271980     
   2.4801999999997597        1.5345630505028984      -0.22608350838718416     
   2.5001999999997575        1.5298820768482868      -0.24356018279748703     
   2.5201999999997553        1.5247585424558068      -0.27034713717049658     
   2.5401999999997531        1.5190062253724059      -0.30642415808087692     
   2.5601999999997509        1.5124406175494931      -0.35164019542493652     
   2.5801999999997487        1.5048815283993984      -0.40571495749225722     
   2.6001999999997465        1.4961556398944442      -0.46824215656775320     
   2.6201999999997443        1.4860989805713225      -0.53869436428280337     
   2.6401999999997421        1.4745592868241770      -0.61642941553617880     
   2.6601999999997399        1.4613982212910859      -0.70069828018189151     
   2.6801999999997377        1.4464934199426318      -0.79065430308038986     
   2.7001999999997355        1.4297403416450125      -0.88536369576714280     
   2.7201999999997333        1.4110538964663495      -0.98381714712836665     
   2.7401999999997311        1.3903698317918720       -1.0849424062881774     
   2.7601999999997289        1.3676458583760609       -1.1876176785845396     
   2.7801999999997267        1.3428625017488962       -1.2906856651991314     
   2.8001999999997245        1.3160236678673709       -1.3929680688391712     
   2.8201999999997223        1.2871569155185190       -1.4932803819508893     
   2.8401999999997201        1.2563134316904103       -1.5904467703495431     
   2.8601999999997179        1.2235677098861764       -1.6833148639252709     
   2.8801999999997157        1.1890169351152480       -1.7707702672431502     
   2.9001999999997135        1.1527800830082890       -1.8517506063849325     
   2.9201999999997112        1.1149967441206605       -1.9252589342344000     
   2.9401999999997090        1.0758256879677592       -1.9903763245140265     
   2.9601999999997068        1.0354431846304215       -2.0462734951349342     
   2.9801999999997046       0.99404110483783570       -2.0922213136954069     
   3.0001999999997024       0.95182482224028486       -2.1276000520996501     
   3.0201999999997002       0.90901094408905059       -2.1519072730897024     
   3.0401999999996980       0.86582489871420543       -2.1647642487884200     
   3.0601999999996958       0.82249841000527524       -2.1659208299216623     
   3.0801999999996936       0.77926689053188081       -2.1552587039880011     
   3.1001999999996914       0.73636678597340766       -2.1327930010259233     
   3.1201999999996892       0.69403290414531460       -2.0986722265341888     
   3.1401999999996870       0.65249576210719540       -2.0531765222653657     
   3.1601999999996848       0.61197898461143274       -1.9967142767681669     
   3.1801999999996826       0.57269678650440869       -1.9298171284327825     
   3.2001999999996804       0.53485157063253463       -1.8531334241310915     
   3.2201999999996782       0.49863167134671704       -1.7674202160820875     
   3.2401999999996760       0.46420927185930211       -1.6735338980658891     
   3.2601999999996738       0.43173852151070025       -1.5724195993219774     
   3.2801999999996716       0.40135387647631809       -1.4650994701817006     
   3.3001999999996694       0.37316868462029523       -1.3526600075022519     
   3.3201999999996672       0.34727403211650820       -1.2362385801120279     
   3.3401999999996650       0.32373786614846278       -1.1170093245914510     
   3.3601999999996628       0.30260440450995568      -0.99616858967134192     
   3.3801999999996606       0.28389383930190287      -0.87492011323168351     
   3.4001999999996584       0.26760233820342655      -0.75446011925509848     
   3.4201999999996562       0.25370234303426104      -0.63596252308886614     
   3.4401999999996540       0.24214316156831384      -0.52056443198423652     
   3.4601999999996518       0.23285184485247512      -0.40935212412960542     
   3.4801999999996496       0.22573433867732903      -0.30334768332242312     
   3.5001999999996474       0.22067689438301691      -0.20349645811035855     
   3.5201999999996452       0.21754772090794627      -0.11065550378055770     
   3.5401999999996430       0.21619885694180777       -2.5583153119122085E-002
   3.5601999999996408       0.21646823926603759        5.1070152441005760E-002
   3.5801999999996386       0.21818194088956658       0.11876965563563571     
   3.6001999999996364       0.22115655044683363       0.17710260193426655     
   3.6201999999996342       0.22520166254563823       0.22578300431732681     
   3.6401999999996320       0.23012244735703322       0.26465479441241202     
   3.6601999999996297       0.23572226674575250       0.29369332057732672     
   3.6801999999996275       0.24180530366021699       0.31300517445738124     
   3.7001999999996253       0.24817917134326797       0.32282634871743510     
   3.7201999999996231       0.25465746919045346       0.32351874978750100     
   3.7401999999996209       0.26106225276856110       0.31556511029664686     
   3.7601999999996187       0.26722638660442405       0.29956236613967124     
   3.7801999999996165       0.27299574984900044       0.27621358256782558     
   3.8001999999996143       0.27823126679525678       0.24631853207257690     
   3.8201999999996121       0.28281073645693783       0.21076304390725423     
   3.8401999999996099       0.28663043797043153       0.17050726064919672     
   3.8601999999996077       0.28960649143146250       0.12657295104776900     
   3.8801999999996055       0.29167595688603809        8.0030040355967405E-002
   3.9001999999996033       0.29279765752166614        3.1982529254041783E-002
   3.9201999999996011       0.29295271660815775       -1.6446019782966302E-002
   3.9401999999995989       0.29214480137299398       -6.4127244343602660E-002
   3.9601999999995967       0.29040007071820911      -0.10994280469048842     
   3.9801999999995945       0.28776682744688792      -0.15279907887987884     
   4.0001999999995927       0.28431487942003925      -0.19164154376217912     
   4.0201999999996350       0.28013461776131182      -0.22546865921392972     
   4.0401999999996772       0.27533582382086158      -0.25334507924373384     
   4.0601999999997194       0.27004622005523954      -0.27441402214020660     
   4.0801999999997616       0.26440978323370734      -0.28790864248133169     
   4.1001999999998038       0.25858484140179416      -0.29316226046675148     
   4.1201999999998460       0.25274197878183652      -0.28961731850738154     
   4.1401999999998882       0.24706177523294356      -0.27683295112711903     
   4.1601999999999304       0.24173240899831874      -0.25449107179511715     
   4.1801999999999726       0.23694715320948839      -0.22240089909176211     
   4.2002000000000148       0.23290179797269228      -0.18050186437929006     
   4.2202000000000570       0.22979203081526678      -0.12886486364848324     
   4.2402000000000992       0.22781080880724780       -6.7691837186663814E-002
   4.2602000000001414       0.22714575578884291        2.6863181064610878E-003
   4.2802000000001836       0.22797661782633746        8.1813477807786611E-002
   4.3002000000002258       0.23047280929137789       0.16911361372461295     
   4.3202000000002680       0.23479108082054315       0.26389764537186616     
   4.3402000000003103       0.24107333887814134       0.36537173287711372     
   4.3602000000003525       0.24944464473460198       0.47264690675572923     
   4.3802000000003947       0.26001141840992154       0.58474991306002544     
   4.4002000000004369       0.27285987054494359       0.70063513700557367     
   4.4202000000004791       0.28805468228562098       0.81919745451032688     
   4.4402000000005213       0.30563795013317674       0.93928584932058123     
   4.4602000000005635       0.32562840936597887        1.0597176236912702     
   4.4802000000006057       0.34802094611927187        1.1792930230593841     
   4.5002000000006479       0.37278640456129686        1.2968100898939434     
   4.5202000000006901       0.39987169187488364        1.4110795589903147     
   4.5402000000007323       0.42920017998960774        1.5209396059378335     
   4.5602000000007745       0.46067239925865766        1.6252702623344395     
   4.5802000000008167       0.49416701558419390        1.7230073155269683     
   4.6002000000008589       0.52954207891188265        1.8131555171677518     
   4.6202000000009011       0.56663652758483674        1.8948009336147125     
   4.6402000000009433       0.60527192981284950        1.9671222820526832     
   4.6602000000009856       0.64525444051543090        2.0294011090407014     
   4.6802000000010278       0.68637694907483437        2.0810306828314316     
   4.7002000000010700       0.72842139112229953        2.1215234870788309     
   4.7202000000011122       0.77116119540780681        2.1505172212431480     
   4.7402000000011544       0.81436383509695254        2.1677792318940248     
   4.7602000000011966       0.85779345151966713        2.1732093189637274     
   4.7802000000012388       0.90121351748118750        2.1668408815621634     
   4.8002000000012810       0.94438950674745925        2.1488403889727317     
   4.8202000000013232       0.98709153624134094        2.1195051836376297     
   4.8402000000013654        1.0290969478335992        2.0792596440442548     
   4.8602000000014076        1.0701927973791343        2.0286497561740529     
   4.8802000000014498        1.1101782198247612        1.9683361623084985     
   4.9002000000014920        1.1488666407850165        1.8990857752490555     
   4.9202000000015342        1.1860878069270795        1.8217620641552850     
   4.9402000000015764        1.2216896098005443        1.7373141350074746     
   4.9602000000016186        1.2555396803629668        1.6467647439451836     
   4.9802000000016609        1.2875267343552808        1.5511973952272033     
   5.0002000000017031        1.3175616518350453        1.4517426871314507     
   5.0202000000017453        1.3455782775405700        1.3495640786181808     
   5.0402000000017875        1.3715339322921862        1.2458432568966464     
   5.0602000000018297        1.3954096292941196        1.1417652910711158     
   5.0802000000018719        1.4172099929346611        1.0385037597333113     
   5.1002000000019141        1.4369628814468429       0.93720604068087943     
   5.1202000000019563        1.4547187185386632       0.83897894887127067     
   5.1402000000019985        1.4705495427837314       0.74487490429392267     
   5.1602000000020407        1.4845477871332824       0.65587880471672566     
   5.1802000000020829        1.4968248043239625       0.57289576932073527     
   5.2002000000021251        1.5075091571688677       0.49673990819320774     
   5.2202000000021673        1.5167446956919215       0.42812425964305223     
   5.2402000000022095        1.5246884457596688       0.36765202249952667     
   5.2602000000022517        1.5315083362462625       0.31580919414187553     
   5.2802000000022939        1.5373807938062987       0.27295870719236442     
   5.3002000000023362        1.5424882360006871       0.23933613881358451     
   5.3202000000023784        1.5470164948016334       0.21504704662332225     
   5.3402000000024206        1.5511522033779070       0.20006596462910711     
   5.3602000000024628        1.5550801795196876       0.19423707155080813     
   5.3802000000025050        1.5589808390978896       0.19727652270959911     
   5.4002000000025472        1.5630276725651611       0.20877641558369375     
   5.4202000000025894        1.5673848166999496       0.22821033843226468     
   5.4402000000026316        1.5722047525811751       0.25494043133110433     
   5.4602000000026738        1.5776261591746654       0.28822586980079490     
   5.4802000000027160        1.5837719499336549       0.32723266318308514     
   5.5002000000027582        1.5907475174898287       0.37104464326215386     
   5.5202000000028004        1.5986392088676953       0.41867550354525701     
   5.5402000000028426        1.6075130507270485       0.46908173630312322     
   5.5602000000028848        1.6174137409632219       0.52117630309274499     
   5.5802000000029270        1.6283639196127742       0.57384286518817995     
   5.6002000000029692        1.6403637284659158       0.62595039324622082     
   5.6202000000030115        1.6533906651216792       0.67636797072328381     
   5.6402000000030537        1.6673997334834703       0.72397960309853115     
   5.6602000000030959        1.6823238889290466       0.76769884487718520     
   5.6802000000031381        1.6980747726474565       0.80648305864832603     
   5.7002000000031803        1.7145437259636009       0.83934712512404219     
   5.7202000000032225        1.7316030719153341       0.86537643003265063     
   5.7402000000032647        1.7491076479534136       0.88373896289004550     
   5.7602000000033069        1.7668965704440549       0.89369637391399537     
   5.7802000000033491        1.7847952087080301       0.89461384853421222     
   5.8002000000033913        1.8026173436660360       0.88596867391919687     
   5.8202000000034335        1.8201674838117250       0.86735738849976007     
   5.8402000000034757        1.8372433092305229       0.83850142340898015     
   5.8602000000035179        1.8536382127501305       0.79925116385208628     
   5.8802000000035601        1.8691439060674253       0.74958837842558801     
   5.9002000000036023        1.8835530578628468       0.68962698506954290     
   5.9202000000036445        1.8966619304970167       0.61961214339856674     
   5.9402000000036868        1.9082729818912989       0.53991768434925069     
   5.9602000000037290        1.9181973996237038       0.45104190913593245     
   5.9802000000037712        1.9262575351187778       0.35360181015636705     
   6.0002000000038134        1.9322892070641515       0.24832578647257481     
   6.0202000000038556        1.9361438448312100       0.13604494555682392     
   6.0402000000038978        1.9376904446924434        1.7683100896921218E-002
   6.0602000000039400        1.9368173139874780      -0.10575440842789996     
   6.0802000000039822        1.9334335810641137      -0.23319293516840681     
   6.1002000000040244        1.9274704517757797      -0.36350162415642617     
   6.1202000000040666        1.9188821965153848      -0.49550723003382457     
   6.1402000000041088        1.9076468551671175      -0.62800847801685045     
   6.1602000000041510        1.8937666509191282      -0.75979078637068753     
   6.1802000000041932        1.8772681075563433      -0.88964116468199950     
   6.2002000000042354        1.8582018685971573       -1.0163630997836077     
   6.2202000000042776        1.8366422204031538       -1.1387912413337382     
   6.2402000000043198        1.8126863251296792       -1.2558057015804736     
   6.2602000000043621        1.7864531730495112       -1.3663457887181834     
   6.2802000000044043        1.7580822673259271       -1.4694230004051148     
   6.3002000000044465        1.7277320576900095       -1.5641331133692604     
   6.3202000000044887        1.6955781426475400       -1.6496672164645634     
   6.3402000000045309        1.6618112627629640       -1.7253215479068063     
   6.3602000000045731        1.6266351102048484       -1.7905060125488335     
   6.3802000000046153        1.5902639820554409       -1.8447512717564609     
   6.4002000000046575        1.5529203068571940       -1.8877143165081838     
   6.4202000000046997        1.5148320754664713       -1.9191824535348345     
   6.4402000000047419        1.4762302084886638       -1.9390756543966441     
   6.4602000000047841        1.4373458933647967       -1.9474472381105012     
   6.4802000000048263        1.3984079245569359       -1.9444828790273005     
   6.5002000000048685        1.3596400802337154       -1.9304979528510917     
   6.5202000000049107        1.3212585683887244       -1.9059332547199379     
   6.5402000000049529        1.2834695744391751       -1.8713491438668886     
   6.5602000000049951        1.2464669410614604       -1.8274181892871517     
   6.5802000000050374        1.2104300093402098       -1.7749164098027106     
   6.6002000000050796        1.1755216482597670       -1.7147132196978518     
   6.6202000000051218        1.1418864971771103       -1.6477602074733422     
   6.6402000000051640        1.1096494432139792       -1.5750788900260670     
   6.6602000000052062        1.0789143525270584       -1.4977475975177137     
   6.6802000000052484        1.0497630711964532       -1.4168876551868079     
   6.7002000000052906        1.0222547080552420       -1.3336490372436851     
   6.7202000000053328       0.99642520820954994       -1.2491956746554809     
   6.7402000000053750       0.97228722231494868       -1.1646906029934234     
   6.7602000000054172       0.94983027292751099       -1.0812811385224901     
   6.7802000000054594       0.92902121548401262       -1.0000842703382971     
   6.8002000000055016       0.90980498773324603      -0.92217245360279110     
   6.8202000000055438       0.89210563778652718      -0.84855998383373765     
   6.8402000000055860       0.87582761742635007      -0.78019012482779837     
   6.8602000000056282       0.86085732395266534      -0.71792315323638334     
   6.8802000000056704       0.84706487069873060      -0.66252547118870986     
   6.9002000000057127       0.83430606345300751      -0.61465992481474474     
   6.9202000000057549       0.82242455741661624      -0.57487745123338574     
   6.9402000000057971       0.81125416704051989      -0.54361015973204918     
   6.9602000000058393       0.80062129915186597      -0.52116593468589201     
   6.9802000000058815       0.79034747821911544      -0.50772462847853050     
   7.0002000000059237       0.78025193144065985      -0.50333589253543243     
   7.0202000000059659       0.77015420058618322      -0.50791867382140898     
   7.0402000000060081       0.75987674718372433      -0.52126238304762973     
   7.0602000000060503       0.74924751773240095      -0.54302971964870095     
   7.0802000000060925       0.73810243613007021      -0.57276111759471238     
   7.1002000000061347       0.72628779143025302      -0.60988075556276677     
   7.1202000000061769       0.71366249037184482      -0.65370405516736929     
   7.1402000000062191       0.70010014584152069      -0.70344657209030059     
   7.1602000000062613       0.68549097451069096      -0.75823416729694471     
   7.1802000000063035       0.66974347930991196      -0.81711432930116568     
   7.2002000000063457       0.65278589513322816      -0.87906850385003499     
   7.2202000000063880       0.63456737916835404      -0.94302527462792363     
   7.2402000000064302       0.61505893048798832       -1.0078742277883226     
   7.2602000000064724       0.59425402697172158       -1.0724803244479069     
   7.2802000000065146       0.57216897121356425       -1.1356985988307546     
   7.3002000000065568       0.54884294076168350       -1.1963889956127358     
   7.3202000000065990       0.52433774178759140       -1.2534311582395625     
   7.3402000000066412       0.49873726904453547       -1.3057389805989954     
   7.3602000000066834       0.47214667870130239       -1.3522747374110409     
   7.3802000000067256       0.44469128428099819       -1.3920626140213008     
   7.4002000000067678       0.41651518944846272       -1.4242014638752059     
   7.4202000000068100       0.38777967473030028       -1.4478766317179663     
   7.4402000000068522       0.35866135837568142       -1.4623706923835653     
   7.4602000000068944       0.32935015443468202       -1.4670729687559256     
   7.4802000000069366       0.30004705370748941       -1.4614877079331081     
   7.5002000000069788       0.27096175546975798       -1.4452408116052742     
   7.5202000000070210       0.24231017977824912       -1.4180850349543137     
   7.5402000000070633       0.21431189168247475       -1.3799035877655847     
   7.5602000000071055       0.18718746979325471       -1.3307120916651136     
   7.5802000000071477       0.16115585237348867       -1.2706588682023507     
   7.6002000000071899       0.13643169441109651       -1.2000235536261037     
   7.6202000000072321       0.11322276900517908       -1.1192140573817977     
   7.6402000000072743        9.1727445845657091E-002  -1.0287619023237176     
   7.6602000000073165        7.2132278600901892E-002 -0.92931600512080326     
   7.6802000000073587        5.4609731659404713E-002 -0.82163497507959971     
   7.7002000000074009        3.9316074917659684E-002 -0.70657802836302441     
   7.7202000000074431        2.6389473189346150E-002 -0.58509463211129720     
   7.7402000000074853        1.5948294357398585E-002 -0.45821300904967505     
   7.7602000000075275        8.0896576316893554E-003 -0.32702764759305364     
   7.7802000000075697        2.8882402457523909E-003 -0.19268597504728435     
   7.8002000000076119        3.9535766458530128E-004  -5.6374362101887815E-002
   7.8202000000076541        6.3832892337248000E-004   8.0696364725506703E-002
   7.8402000000076963        3.6201351176691414E-003  0.21730571980332244     
   7.8602000000077386        9.3193753647437330E-003  0.35223847745501791     
   7.8802000000077808        1.7690520800240469E-002  0.48429952502977758     
   7.9002000000078230        2.8664463411638280E-002  0.61232846245685169     
   7.9202000000078652        4.2149352787778448E-002  0.73521376397436589     
   7.9402000000079074        5.8031710229131880E-002  0.85190632326548899     
   7.9602000000079496        7.6177806162488426E-002  0.96143221103995191     
   7.9802000000079918        9.6435283480692233E-002   1.0629044840681570     
   8.0002000000080322       0.11863500632498988        1.1555338966823978     
   8.0202000000079856       0.14259311098377322        1.2386383796528315     
   8.0402000000079390       0.16811323303299591        1.3116511669490500     
   8.0602000000078924       0.19498888262256583        1.3741274680137121     
   8.0802000000078458       0.22300593794769505        1.4257496015860236     
   8.1002000000077992       0.25194522545810594        1.4663305265868392     
   8.1202000000077525       0.28158515426999048        1.4958157258671223     
   8.1402000000077059       0.31170437156942377        1.5142834194705825     
   8.1602000000076593       0.34208440554011743        1.5219431052055736     
   8.1802000000076127       0.37251226251621705        1.5191324454929658     
   8.2002000000075661       0.40278294565007988        1.5063125403876139     
   8.2202000000075195       0.43270186338827438        1.4840616470964227     
   8.2402000000074729       0.46208709745355669        1.4530674259768679     
   8.2602000000074263       0.49077150181866880        1.4141178116476356     
   8.2802000000073797       0.51860460630663974        1.3680906252413558     
   8.3002000000073330       0.54545430093482983        1.3159420597580704     
   8.3202000000072864       0.57120827990460687        1.2586941847355344     
   8.3402000000072398       0.59577522719018328        1.1974216288578561     
   8.3602000000071932       0.61908572895995295        1.1332376095206169     
   8.3802000000071466       0.64109290153032250        1.0672794866267021     
   8.4002000000071000       0.66177272716135760        1.0006940238979041     
   8.4202000000070534       0.68112409371016835       0.93462254467726347     
   8.4402000000070068       0.69916853791455724       0.87018617051893854     
   8.4602000000069602       0.71594969583881107       0.80847132979971104     
   8.4802000000069135       0.73153246772772895       0.75051572015236956     
   8.5002000000068669       0.74600190813723088       0.69729490275975314     
   8.5202000000068203       0.75946185569417080       0.64970969853202865     
   8.5402000000067737       0.77203332014023118       0.60857454602051575     
   8.5602000000067271       0.78385264739314553       0.57460696872764916     
   8.5802000000066805       0.79506948617405038       0.54841828540906024     
   8.6002000000066339       0.80584458226677802       0.53050568120822217     
   8.6202000000065873       0.81634742866151522       0.52124574021629366     
   8.6402000000065406       0.82675380166389512       0.52088952152800538     
   8.6602000000064940       0.83724321449781780       0.52955924130327758     
   8.6802000000064474       0.84799632097818456       0.54724660299140604     
   8.7002000000064008       0.85919230246455480       0.57381279698788967     
   8.7202000000063542       0.87100627152090793       0.60899016983768306     
   8.7402000000063076       0.88360672549708086       0.65238554194089948     
   8.7602000000062610       0.89715308261704407       0.70348513182551287     
   8.7802000000062144       0.91179333211575420       0.76166102469114627     
   8.8002000000061678       0.92766182852313328       0.82617910335617728     
   8.8202000000061211       0.94487725836913716       0.89620834120532766     
   8.8402000000060745       0.96354080540082809       0.97083133947092215     
   8.8602000000060279       0.98373453788866139        1.0490559754071083     
   8.8802000000059813        1.0055200387865622        1.1298280138320433     
   8.9002000000059347        1.0289372964344581        1.2120445222967551     
   8.9202000000058881        1.0540038701916770        1.2945679199459561     
   8.9402000000058415        1.0807143419068397        1.3762404820942977     
   8.9602000000057949        1.1090400605086310        1.4558991167536184     
   8.9802000000057483        1.1389291832880197        1.5323902258856277     
   9.0002000000057016        1.1703070136831102        1.6045844630643205     
   9.0202000000056550        1.2030766316204622        1.6713912005267231     
   9.0402000000056084        1.2371198087590034        1.7317725222534002     
   9.0602000000055618        1.2722981973715120        1.7847565657046198     
   9.0802000000055152        1.3084547781298175        1.8294500430689218     
   9.1002000000054686        1.3454155487772663        1.8650497832534876     
   9.1202000000054220        1.3829914326171540        1.8908531482290172     
   9.1402000000053754        1.4209803829575698        1.9062671915790159     
   9.1602000000053287        1.4591696571665043        1.9108164430140990     
   9.1802000000052821        1.4973382318379103        1.9041492199948391     
   9.2002000000052355        1.5352593287766734        1.8860423862415074     
   9.2202000000051889        1.5727030201010399        1.8564044965602160     
   9.2402000000051423        1.6094388797528498        1.8152772878331149     
   9.2602000000050957        1.6452386481113428        1.7628354969474984     
   9.2802000000050491        1.6798788762335075        1.6993850076094061     
   9.3002000000050025        1.7131435164944875        1.6253593491340363     
   9.3202000000049559        1.7448264270726470        1.5413145911597494     
   9.3402000000049092        1.7747337588070318        1.4479226985310256     
   9.3602000000048626        1.8026861944362285        1.3459634300811734     
   9.3802000000048160        1.8285210120885136        1.2363148834712390     
   9.4002000000047694        1.8520939471098978        1.1199428053741103     
   9.4202000000047228        1.8732808288614637       0.99788880191538876     
   9.4402000000046762        1.8919789719576956       0.87125759819729609     
   9.4602000000046296        1.9081083045176570       0.74120350776265309     
   9.4802000000045830        1.9216122193214416       0.60891628285033439     
   9.5002000000045363        1.9324581372633332       0.47560652412516041     
   9.5202000000044897        1.9406377761263862       0.34249083413469950     
   9.5402000000044431        1.9461671214244001       0.21077690198241425     
   9.5602000000043965        1.9490860998196715        8.1648707570087395E-002
   9.5802000000043499        1.9494579593808179       -4.3747967758566826E-002
   9.6002000000043033        1.9473683646464965      -0.16431954122730505     
   9.6202000000042567        1.9429242180616839      -0.27903796254611302     
   9.6402000000042101        1.9362522228072081      -0.38695321343518535     
   9.6602000000041635        1.9274972053071313      -0.48720481502008356     
   9.6802000000041168        1.9168202187307120      -0.57903219793081717     
   9.7002000000040702        1.9043964515679845      -0.66178380434197903     
   9.7202000000040236        1.8904129678151729      -0.73492480725060505     
   9.7402000000039770        1.8750663074273961      -0.79804334979983216     
   9.7602000000039304        1.8585599774543979      -0.85085522619791276     
   9.7802000000038838        1.8411018656481255      -0.89320694551638080     
   9.8002000000038372        1.8229016093015529      -0.92507714012836417     
   9.8202000000037906        1.8041679526339847      -0.94657630150880312     
   9.8402000000037440        1.7851061261718648      -0.95794484729733775     
   9.8602000000036973        1.7659152812846006      -0.95954954465359799     
   9.8802000000036507        1.7467860123254206      -0.95187833574621905     
   9.9002000000036041        1.7278979977069486      -0.93553363144728185     
   9.9202000000035575        1.7094177897242382      -0.91122415869726825     
   9.9402000000035109        1.6914967810435884      -0.87975546531610582     
   9.9602000000034643        1.6742693735276257      -0.84201920303184508     
   9.9802000000034177        1.6578513724942752      -0.79898132496465413     
