   3.2000000000000002        4.7000000000000002        1.3999999999999999     
   3.2000000000000002        4.5000000000000000        1.5000000000000000     
   2.2999999999999998        4.0000000000000000        1.3000000000000000     
   2.7999999999999998        4.5999999999999996        1.5000000000000000     
   3.2999999999999998        4.7000000000000002        1.6000000000000001     
   2.3999999999999999        3.2999999999999998        1.0000000000000000     
   2.8999999999999999        4.5999999999999996        1.3000000000000000     
   2.7000000000000002        3.8999999999999999        1.3999999999999999     
   2.0000000000000000        3.5000000000000000        1.0000000000000000     
   3.0000000000000000        4.2000000000000002        1.5000000000000000     
   2.2000000000000002        4.0000000000000000        1.0000000000000000     
   2.8999999999999999        4.7000000000000002        1.3999999999999999     
   2.8999999999999999        3.6000000000000001        1.3000000000000000     
   3.1000000000000001        4.4000000000000004        1.3999999999999999     
   3.0000000000000000        4.5000000000000000        1.5000000000000000     
   2.7000000000000002        4.0999999999999996        1.0000000000000000     
   2.2000000000000002        4.5000000000000000        1.5000000000000000     
   2.5000000000000000        3.8999999999999999        1.1000000000000001     
   2.7999999999999998        4.0000000000000000        1.3000000000000000     
   2.7999999999999998        4.7000000000000002        1.2000000000000000     
   2.8999999999999999        4.2999999999999998        1.3000000000000000     
   3.0000000000000000        4.4000000000000004        1.3999999999999999     
   2.8999999999999999        4.5000000000000000        1.5000000000000000     
   2.6000000000000001        3.5000000000000000        1.0000000000000000     
   2.3999999999999999        3.7000000000000002        1.0000000000000000     
   2.7000000000000002        3.8999999999999999        1.2000000000000000     
   2.7000000000000002        5.0999999999999996        1.6000000000000001     
   3.0000000000000000        4.5000000000000000        1.5000000000000000     
   3.3999999999999999        4.5000000000000000        1.6000000000000001     
   3.1000000000000001        4.7000000000000002        1.5000000000000000     
   2.2999999999999998        4.4000000000000004        1.3000000000000000     
   3.0000000000000000        4.0999999999999996        1.3000000000000000     
   2.5000000000000000        4.0000000000000000        1.3000000000000000     
   2.6000000000000001        4.4000000000000004        1.2000000000000000     
   3.0000000000000000        4.5999999999999996        1.3999999999999999     
   2.6000000000000001        4.0000000000000000        1.2000000000000000     
   2.2999999999999998        3.2999999999999998        1.0000000000000000     
   2.7000000000000002        4.2000000000000002        1.3000000000000000     
   2.8999999999999999        4.2000000000000002        1.3000000000000000     
   2.8999999999999999        4.2999999999999998        1.3000000000000000     
   2.5000000000000000        3.0000000000000000        1.1000000000000001     
   2.7999999999999998        4.0999999999999996        1.3000000000000000     
   2.5000000000000000        4.5000000000000000        1.7000000000000000     
   2.2000000000000002        5.0000000000000000        1.5000000000000000     
   2.7999999999999998        5.0999999999999996        1.5000000000000000     
   2.6000000000000001        5.5999999999999996        1.3999999999999999     
