   109.00000000000000        70.000000000000000        4.0000000000000000        322.00000000000000        2.3999999999999999        2.0000000000000000     
   160.00000000000000        67.000000000000000        3.0000000000000000        564.00000000000000        1.6000000000000001        2.0000000000000000     
   105.00000000000000        64.000000000000000        4.0000000000000000        263.00000000000000       0.20000000000000001        2.0000000000000000     
   142.00000000000000        56.000000000000000        3.0000000000000000        256.00000000000000       0.59999999999999998        2.0000000000000000     
   142.00000000000000        59.000000000000000        4.0000000000000000        239.00000000000000        1.2000000000000000        2.0000000000000000     
   170.00000000000000        60.000000000000000        4.0000000000000000        293.00000000000000        1.2000000000000000        2.0000000000000000     
   154.00000000000000        63.000000000000000        4.0000000000000000        407.00000000000000        4.0000000000000000        2.0000000000000000     
   161.00000000000000        59.000000000000000        4.0000000000000000        234.00000000000000       0.50000000000000000        2.0000000000000000     
   125.00000000000000        71.000000000000000        4.0000000000000000        149.00000000000000        1.6000000000000001        2.0000000000000000     
   120.00000000000000        46.000000000000000        4.0000000000000000        311.00000000000000        1.8000000000000000        2.0000000000000000     
   155.00000000000000        53.000000000000000        4.0000000000000000        203.00000000000000        3.1000000000000001        3.0000000000000000     
   129.00000000000000        67.000000000000000        4.0000000000000000        229.00000000000000        2.6000000000000001        2.0000000000000000     
   181.00000000000000        43.000000000000000        4.0000000000000000        303.00000000000000        1.2000000000000000        2.0000000000000000     
   152.00000000000000        46.000000000000000        4.0000000000000000        243.00000000000000        0.0000000000000000        2.0000000000000000     
   165.00000000000000        58.000000000000000        3.0000000000000000        230.00000000000000        2.5000000000000000        2.0000000000000000     
   138.00000000000000        66.000000000000000        4.0000000000000000        228.00000000000000        2.2999999999999998        1.0000000000000000     
   140.00000000000000        59.000000000000000        4.0000000000000000        326.00000000000000        3.3999999999999999        3.0000000000000000     
   126.00000000000000        50.000000000000000        4.0000000000000000        200.00000000000000       0.90000000000000002        2.0000000000000000     
   138.00000000000000        61.000000000000000        4.0000000000000000        207.00000000000000        1.8999999999999999        1.0000000000000000     
   134.00000000000000        59.000000000000000        3.0000000000000000        218.00000000000000        2.2000000000000002        2.0000000000000000     
   114.00000000000000        65.000000000000000        4.0000000000000000        225.00000000000000        1.0000000000000000        2.0000000000000000     
   125.00000000000000        42.000000000000000        4.0000000000000000        315.00000000000000        1.8000000000000000        2.0000000000000000     
   125.00000000000000        61.000000000000000        4.0000000000000000        166.00000000000000        3.6000000000000001        2.0000000000000000     
   143.00000000000000        59.000000000000000        4.0000000000000000        249.00000000000000        0.0000000000000000        2.0000000000000000     
   103.00000000000000        62.000000000000000        2.0000000000000000        281.00000000000000        1.3999999999999999        2.0000000000000000     
   142.00000000000000        51.000000000000000        4.0000000000000000        305.00000000000000        1.2000000000000000        2.0000000000000000     
   150.00000000000000        63.000000000000000        1.0000000000000000        233.00000000000000        2.2999999999999998        3.0000000000000000     
   112.00000000000000        57.000000000000000        4.0000000000000000        276.00000000000000       0.59999999999999998        2.0000000000000000     
   140.00000000000000        61.000000000000000        4.0000000000000000        260.00000000000000        3.6000000000000001        2.0000000000000000     
   116.00000000000000        76.000000000000000        3.0000000000000000        197.00000000000000        1.1000000000000001        2.0000000000000000     
   147.00000000000000        45.000000000000000        4.0000000000000000        309.00000000000000        0.0000000000000000        2.0000000000000000     
   148.00000000000000        45.000000000000000        4.0000000000000000        208.00000000000000        3.0000000000000000        2.0000000000000000     
   105.00000000000000        58.000000000000000        4.0000000000000000        218.00000000000000        2.0000000000000000        2.0000000000000000     
   130.00000000000000        35.000000000000000        4.0000000000000000        198.00000000000000        1.6000000000000001        2.0000000000000000     
   168.00000000000000        41.000000000000000        3.0000000000000000        214.00000000000000        2.0000000000000000        2.0000000000000000     
   126.00000000000000        57.000000000000000        4.0000000000000000        201.00000000000000        1.5000000000000000        2.0000000000000000     
   145.00000000000000        59.000000000000000        1.0000000000000000        270.00000000000000        4.2000000000000002        3.0000000000000000     
   128.00000000000000        50.000000000000000        4.0000000000000000        243.00000000000000        2.6000000000000001        2.0000000000000000     
   109.00000000000000        54.000000000000000        4.0000000000000000        266.00000000000000        2.2000000000000002        2.0000000000000000     
   108.00000000000000        54.000000000000000        4.0000000000000000        206.00000000000000        0.0000000000000000        2.0000000000000000     
   118.00000000000000        47.000000000000000        4.0000000000000000        275.00000000000000        1.0000000000000000        2.0000000000000000     
   151.00000000000000        66.000000000000000        4.0000000000000000        302.00000000000000       0.40000000000000002        2.0000000000000000     
   71.000000000000000        67.000000000000000        4.0000000000000000        237.00000000000000        1.0000000000000000        2.0000000000000000     
   124.00000000000000        57.000000000000000        4.0000000000000000        289.00000000000000        1.0000000000000000        2.0000000000000000     
   147.00000000000000        63.000000000000000        4.0000000000000000        254.00000000000000        1.3999999999999999        2.0000000000000000     
   166.00000000000000        48.000000000000000        4.0000000000000000        274.00000000000000       0.50000000000000000        2.0000000000000000     
   143.00000000000000        51.000000000000000        3.0000000000000000        222.00000000000000        1.2000000000000000        2.0000000000000000     
   157.00000000000000        60.000000000000000        4.0000000000000000        258.00000000000000        2.6000000000000001        2.0000000000000000     
   117.00000000000000        55.000000000000000        4.0000000000000000        327.00000000000000        3.3999999999999999        2.0000000000000000     
   133.00000000000000        56.000000000000000        4.0000000000000000        288.00000000000000        4.0000000000000000        3.0000000000000000     
   114.00000000000000        66.000000000000000        1.0000000000000000        226.00000000000000        2.6000000000000001        3.0000000000000000     
   103.00000000000000        56.000000000000000        4.0000000000000000        283.00000000000000        1.6000000000000001        3.0000000000000000     
   139.00000000000000        49.000000000000000        3.0000000000000000        188.00000000000000        2.0000000000000000        2.0000000000000000     
   116.00000000000000        54.000000000000000        4.0000000000000000        286.00000000000000        3.2000000000000002        2.0000000000000000     
   88.000000000000000        57.000000000000000        4.0000000000000000        274.00000000000000        1.2000000000000000        2.0000000000000000     
   152.00000000000000        54.000000000000000        3.0000000000000000        273.00000000000000       0.50000000000000000        3.0000000000000000     
   99.000000000000000        62.000000000000000        4.0000000000000000        267.00000000000000        1.8000000000000000        2.0000000000000000     
   169.00000000000000        63.000000000000000        4.0000000000000000        269.00000000000000        1.8000000000000000        2.0000000000000000     
   96.000000000000000        64.000000000000000        4.0000000000000000        246.00000000000000        2.2000000000000002        3.0000000000000000     
   160.00000000000000        46.000000000000000        3.0000000000000000        177.00000000000000        1.3999999999999999        3.0000000000000000     
   144.00000000000000        56.000000000000000        4.0000000000000000        249.00000000000000        1.2000000000000000        2.0000000000000000     
   132.00000000000000        64.000000000000000        4.0000000000000000        212.00000000000000        2.0000000000000000        2.0000000000000000     
   95.000000000000000        53.000000000000000        4.0000000000000000        282.00000000000000        2.0000000000000000        2.0000000000000000     
   114.00000000000000        40.000000000000000        4.0000000000000000        167.00000000000000        2.0000000000000000        2.0000000000000000     
   158.00000000000000        50.000000000000000        3.0000000000000000        219.00000000000000        1.6000000000000001        2.0000000000000000     
   122.00000000000000        64.000000000000000        4.0000000000000000        303.00000000000000        2.0000000000000000        2.0000000000000000     
   111.00000000000000        55.000000000000000        4.0000000000000000        217.00000000000000        5.5999999999999996        3.0000000000000000     
   165.00000000000000        66.000000000000000        4.0000000000000000        228.00000000000000        1.0000000000000000        2.0000000000000000     
   154.00000000000000        62.000000000000000        4.0000000000000000        244.00000000000000        1.3999999999999999        2.0000000000000000     
   130.00000000000000        58.000000000000000        4.0000000000000000        259.00000000000000        3.0000000000000000        2.0000000000000000     
   152.00000000000000        53.000000000000000        3.0000000000000000        197.00000000000000        1.2000000000000000        3.0000000000000000     
   152.00000000000000        45.000000000000000        4.0000000000000000        236.00000000000000       0.20000000000000001        2.0000000000000000     
   146.00000000000000        69.000000000000000        3.0000000000000000        254.00000000000000        2.0000000000000000        2.0000000000000000     
   125.00000000000000        67.000000000000000        4.0000000000000000        299.00000000000000       0.90000000000000002        2.0000000000000000     
   115.00000000000000        68.000000000000000        3.0000000000000000        211.00000000000000        1.5000000000000000        2.0000000000000000     
   106.00000000000000        62.000000000000000        4.0000000000000000        294.00000000000000        1.8999999999999999        2.0000000000000000     
   122.00000000000000        51.000000000000000        4.0000000000000000        298.00000000000000        4.2000000000000002        2.0000000000000000     
   147.00000000000000        46.000000000000000        3.0000000000000000        231.00000000000000        3.6000000000000001        2.0000000000000000     
   163.00000000000000        67.000000000000000        4.0000000000000000        254.00000000000000       0.20000000000000001        2.0000000000000000     
   194.00000000000000        42.000000000000000        3.0000000000000000        240.00000000000000       0.80000000000000004        3.0000000000000000     
   150.00000000000000        56.000000000000000        4.0000000000000000        409.00000000000000        1.8999999999999999        2.0000000000000000     
   122.00000000000000        42.000000000000000        4.0000000000000000        265.00000000000000       0.59999999999999998        2.0000000000000000     
   105.00000000000000        56.000000000000000        4.0000000000000000        184.00000000000000        2.1000000000000001        2.0000000000000000     
   157.00000000000000        62.000000000000000        4.0000000000000000        394.00000000000000        1.2000000000000000        2.0000000000000000     
   112.00000000000000        70.000000000000000        3.0000000000000000        269.00000000000000        2.8999999999999999        2.0000000000000000     
   125.00000000000000        70.000000000000000        4.0000000000000000        174.00000000000000        2.6000000000000001        3.0000000000000000     
   122.00000000000000        58.000000000000000        4.0000000000000000        248.00000000000000        1.0000000000000000        2.0000000000000000     
   158.00000000000000        54.000000000000000        3.0000000000000000        214.00000000000000        1.6000000000000001        2.0000000000000000     
   141.00000000000000        60.000000000000000        4.0000000000000000        258.00000000000000        2.7999999999999998        2.0000000000000000     
   145.00000000000000        55.000000000000000        4.0000000000000000        289.00000000000000       0.80000000000000004        2.0000000000000000     
   154.00000000000000        58.000000000000000        3.0000000000000000        240.00000000000000       0.59999999999999998        2.0000000000000000     
   131.00000000000000        64.000000000000000        3.0000000000000000        309.00000000000000        1.8000000000000000        2.0000000000000000     
   187.00000000000000        37.000000000000000        3.0000000000000000        250.00000000000000        3.5000000000000000        3.0000000000000000     
   166.00000000000000        51.000000000000000        3.0000000000000000        245.00000000000000        2.3999999999999999        2.0000000000000000     
   131.00000000000000        58.000000000000000        4.0000000000000000        216.00000000000000        2.2000000000000002        2.0000000000000000     
   126.00000000000000        54.000000000000000        4.0000000000000000        239.00000000000000        2.7999999999999998        2.0000000000000000     
   127.00000000000000        65.000000000000000        4.0000000000000000        254.00000000000000        2.7999999999999998        2.0000000000000000     
   132.00000000000000        63.000000000000000        4.0000000000000000        330.00000000000000        1.8000000000000000        1.0000000000000000     
   97.000000000000000        62.000000000000000        3.0000000000000000        263.00000000000000        1.2000000000000000        2.0000000000000000     
   136.00000000000000        43.000000000000000        4.0000000000000000        341.00000000000000        3.0000000000000000        2.0000000000000000     
   146.00000000000000        61.000000000000000        4.0000000000000000        307.00000000000000        1.0000000000000000        2.0000000000000000     
   140.00000000000000        39.000000000000000        4.0000000000000000        219.00000000000000        1.2000000000000000        2.0000000000000000     
   146.00000000000000        62.000000000000000        3.0000000000000000        231.00000000000000        1.8000000000000000        2.0000000000000000     
   145.00000000000000        62.000000000000000        4.0000000000000000        164.00000000000000        6.2000000000000002        3.0000000000000000     
   120.00000000000000        43.000000000000000        4.0000000000000000        177.00000000000000        2.5000000000000000        2.0000000000000000     
   150.00000000000000        68.000000000000000        3.0000000000000000        274.00000000000000        1.6000000000000001        2.0000000000000000     
   143.00000000000000        53.000000000000000        4.0000000000000000        264.00000000000000       0.40000000000000002        2.0000000000000000     
   160.00000000000000        62.000000000000000        4.0000000000000000        268.00000000000000        3.6000000000000001        3.0000000000000000     
   155.00000000000000        60.000000000000000        3.0000000000000000        185.00000000000000        3.0000000000000000        2.0000000000000000     
   142.00000000000000        60.000000000000000        4.0000000000000000        282.00000000000000        2.7999999999999998        2.0000000000000000     
   113.00000000000000        54.000000000000000        4.0000000000000000        188.00000000000000        1.3999999999999999        2.0000000000000000     
   137.00000000000000        61.000000000000000        3.0000000000000000        243.00000000000000        1.0000000000000000        2.0000000000000000     
   132.00000000000000        55.000000000000000        4.0000000000000000        353.00000000000000        1.2000000000000000        2.0000000000000000     
   132.00000000000000        60.000000000000000        4.0000000000000000        206.00000000000000        2.3999999999999999        2.0000000000000000     
   168.00000000000000        48.000000000000000        2.0000000000000000        229.00000000000000        1.0000000000000000        3.0000000000000000     
   148.00000000000000        57.000000000000000        4.0000000000000000        192.00000000000000       0.40000000000000002        2.0000000000000000     
   108.00000000000000        67.000000000000000        4.0000000000000000        286.00000000000000        1.5000000000000000        2.0000000000000000     
