  0.98999999999999999       0.36640000000000000        1.3754423149780406     
   1.0733999999999999       0.48690000000000000        1.4128135032230644     
   1.1471000000000000       0.60180000000000000        1.4458381623796384     
   2.0000000000000000        1.6561999999999999        1.8280190551156208     
   3.0000000000000000        2.9392999999999998        2.2761148374300570     
   1.3682000000000001        1.0831000000000000        1.5449121398493604     
   8.0000000000000000        4.5164000000000000        4.5165937490022365     
   1.5156000000000001        1.3283000000000000        1.6109614581625080     
   5.0000000000000000        3.7410999999999999        3.1723064020589287     
   3.0000000000000000        2.9809999999999999        2.2761148374300570     
   4.0000000000000000        2.8237000000000001        2.7242106197444929     
   4.4181999999999997        3.1404999999999998        2.9116042759083895     
   4.8364000000000003        3.2343999999999999        3.0989979320722871     
   5.2545000000000002        4.0674000000000001        3.2863467786579528     
   5.6726999999999999        4.1660000000000004        3.4737404348218499     
   6.0909000000000004        4.4337999999999997        3.6611340909857470     
   6.5091000000000001        4.2149000000000001        3.8485277471496442     
   6.9272999999999998        4.2107999999999999        4.0359214033135409     
   7.3455000000000004        4.8235999999999999        4.2233150594774385     
   7.7636000000000003        4.7699999999999996        4.4106639060631041     
   8.1818000000000008        4.9443000000000001        4.5980575622270008     
   8.5999999999999996        4.7812000000000001        4.7854512183908975     
   9.0182000000000002        5.2488000000000001        4.9728448745547951     
   9.4364000000000008        5.1355000000000004        5.1602385307186927     
   9.8544999999999998        4.7263000000000002        5.3475873773043583     
   10.272700000000000        5.0404000000000000        5.5349810334682550     
   10.690899999999999        5.6775000000000002        5.7223746896321517     
   11.109100000000000        4.9265999999999996        5.9097683457960493     
   11.527300000000000        5.7580999999999998        6.0971620019599468     
   11.945499999999999        5.7222999999999997        6.2845556581238426     
