   3.5000000000000000        1.3999999999999999       0.20000000000000001     
   3.0000000000000000        1.3999999999999999       0.20000000000000001     
   3.2000000000000002        1.3000000000000000       0.20000000000000001     
   3.1000000000000001        1.5000000000000000       0.20000000000000001     
   3.6000000000000001        1.3999999999999999       0.20000000000000001     
   3.8999999999999999        1.7000000000000000       0.40000000000000002     
   3.3999999999999999        1.3999999999999999       0.29999999999999999     
   3.3999999999999999        1.5000000000000000       0.20000000000000001     
   2.8999999999999999        1.3999999999999999       0.20000000000000001     
   3.1000000000000001        1.5000000000000000       0.10000000000000001     
   3.7000000000000002        1.5000000000000000       0.20000000000000001     
   3.3999999999999999        1.6000000000000001       0.20000000000000001     
   3.0000000000000000        1.3999999999999999       0.10000000000000001     
   3.0000000000000000        1.1000000000000001       0.10000000000000001     
   4.0000000000000000        1.2000000000000000       0.20000000000000001     
   4.4000000000000004        1.5000000000000000       0.40000000000000002     
   3.8999999999999999        1.3000000000000000       0.40000000000000002     
   3.5000000000000000        1.3999999999999999       0.29999999999999999     
   3.7999999999999998        1.7000000000000000       0.29999999999999999     
   3.7999999999999998        1.5000000000000000       0.29999999999999999     
   3.3999999999999999        1.7000000000000000       0.20000000000000001     
   3.7000000000000002        1.5000000000000000       0.40000000000000002     
   3.6000000000000001        1.0000000000000000       0.20000000000000001     
   3.2999999999999998        1.7000000000000000       0.50000000000000000     
   3.3999999999999999        1.8999999999999999       0.20000000000000001     
   3.0000000000000000        1.6000000000000001       0.20000000000000001     
   3.3999999999999999        1.6000000000000001       0.40000000000000002     
   3.5000000000000000        1.5000000000000000       0.20000000000000001     
   3.3999999999999999        1.3999999999999999       0.20000000000000001     
   3.2000000000000002        1.6000000000000001       0.20000000000000001     
   3.1000000000000001        1.6000000000000001       0.20000000000000001     
   3.3999999999999999        1.5000000000000000       0.40000000000000002     
   4.0999999999999996        1.5000000000000000       0.10000000000000001     
   4.2000000000000002        1.3999999999999999       0.20000000000000001     
   3.1000000000000001        1.5000000000000000       0.20000000000000001     
   3.2000000000000002        1.2000000000000000       0.20000000000000001     
   3.5000000000000000        1.3000000000000000       0.20000000000000001     
   3.6000000000000001        1.3999999999999999       0.10000000000000001     
   3.0000000000000000        1.3000000000000000       0.20000000000000001     
   3.3999999999999999        1.5000000000000000       0.20000000000000001     
   2.2999999999999998        1.3000000000000000       0.29999999999999999     
   3.5000000000000000        1.6000000000000001       0.59999999999999998     
   3.7999999999999998        1.8999999999999999       0.40000000000000002     
   3.0000000000000000        1.3999999999999999       0.29999999999999999     
   3.7999999999999998        1.6000000000000001       0.20000000000000001     
   3.2000000000000002        1.3999999999999999       0.20000000000000001     
   3.7000000000000002        1.5000000000000000       0.20000000000000001     
   3.2999999999999998        1.3999999999999999       0.20000000000000001     
